IEEE 57-bus optimal adjustments:

Costs: 9596.0558

Losses: 13.3020

Emissions: 0.9547

Active generation:
   2           1.0000000
   3           1.4000000
   6           1.0000000
   8           2.7458352
   9           1.0000000
  12           3.5604625

Voltage magnitudes:
   1           1.0499868
   2           1.0500000
   3           1.0489067
   6           1.0438926
   8           1.0468959
   9           1.0253615
  12           1.0305445

Shunt susceptances:
  18           0.0997099
  25           0.0885000
  53           0.0945000

Tap ratios:
   4    18     0.9938281
   4    18     0.9894507
  21    20     1.0140118
  24    25     0.9677724
  24    25     0.9677724
  24    26     1.0061657
   7    29     0.9811358
  34    32     0.9400025
  11    41     0.9000000
  15    45     0.9759042
  14    46     0.9576554
  10    51     0.9666551
  13    49     0.9290442
  11    43     0.9618123
  40    56     0.9873777
  39    57     0.9575701
   9    55     0.9725062