TAPE
 13/05/91 CYME INTERNATIONAL    100.0 1991 S IEEE 300-BUS TEST SYSTEM
BUS DATA FOLLOWS                    300 ITEMS
   1  1            1  1  0 1.0284   5.95     90.0     49.0      0.0     0.0   115.0    0.0     0.0     0.0     0.0     0.0    0    1
   2  1            1  1  0 1.0354   7.74     56.0     15.0      0.0     0.0   115.0    0.0     0.0     0.0     0.0     0.0    0    2
   3  1            1  1  0 0.9971   6.64     20.0      0.0      0.0     0.0   230.0    0.0     0.0     0.0     0.0     0.0    0    3
   4  1            1  1  0 1.0308   4.71      0.0      0.0      0.0     0.0   345.0    0.0     0.0     0.0     0.0     0.0    0    4
   5  1            1  1  0 1.0191   4.68    353.0    130.0      0.0     0.0   115.0    0.0     0.0     0.0     0.0     0.0    0    5
   6  1            1  1  0 1.0312   6.99    120.0     41.0      0.0     0.0   115.0    0.0     0.0     0.0     0.0     0.0    0    6
   7  1            1  1  0 0.9934   6.19      0.0      0.0      0.0     0.0   230.0    0.0     0.0     0.0     0.0     0.0    0    7
   8  1            1  1  2 1.0153   2.40     58.0     14.0     -5.0     0.0   115.0 1.0153    10.0   -10.0     0.0     0.0    8    8
   9  1            1  1  0 1.0034   2.85     96.0     43.0      0.0     0.0   115.0    0.0     0.0     0.0     0.0     0.0    0    9
  10  1            1  1  2 1.0205   1.35    148.0     33.0     -5.0     0.0   230.0 1.0205    20.0   -20.0     0.0     0.0   10   10
  11  1            1  1  0 1.0057   2.46     83.0     21.0      0.0     0.0   115.0    0.0     0.0     0.0     0.0     0.0    0   11
  12  1            1  1  0 0.9974   5.21      0.0      0.0      0.0     0.0   230.0    0.0     0.0     0.0     0.0     0.0    0   12
  13  1            1  1  0 0.9977  -0.55     58.0     10.0      0.0     0.0   115.0    0.0     0.0     0.0     0.0     0.0    0   13
  14  1            1  1  0 0.9991  -4.81    160.0     60.0      0.0     0.0   115.0    0.0     0.0     0.0     0.0     0.0    0   14
  15  1            1  1  0 1.0343  -8.59    126.7     23.0      0.0     0.0   115.0    0.0     0.0     0.0     0.0     0.0    0   15
  16  1            1  1  0 1.0315  -2.65      0.0      0.0      0.0     0.0   345.0    0.0     0.0     0.0     0.0     0.0    0   16
  17  1            1  1  0 1.0649 -13.10    561.0    220.0      0.0     0.0   115.0    0.0     0.0     0.0     0.0     0.0    0   17
  19  1            1  1  0 0.9820   1.08      0.0      0.0      0.0     0.0   230.0    0.0     0.0     0.0     0.0     0.0    0   18
  20  1            1  1  2 1.0010  -2.46    595.0    120.0    -10.0     0.0   115.0 1.0010    20.0   -20.0     0.0     0.0   20   19
  21  1            1  1  0 0.9752   1.62     77.0      1.0      0.0     0.0   230.0    0.0     0.0     0.0     0.0     0.0    0   20
  22  1            1  1  0 0.9963  -1.97     81.0     23.0      0.0     0.0   115.0    0.0     0.0     0.0     0.0     0.0    0   21
  23  1            1  1  0 1.0501   3.94     21.0      7.0      0.0     0.0   115.0    0.0     0.0     0.0     0.0     0.0    0   22
  24  1            1  1  0 1.0057   6.02      0.0      0.0      0.0     0.0   230.0    0.0     0.0     0.0     0.0     0.0    0   23
  25  1            1  1  0 1.0234   1.44     45.0     12.0      0.0     0.0   115.0    0.0     0.0     0.0     0.0     0.0    0   24
  26  1            1  1  0 0.9986  -1.73     28.0      9.0      0.0     0.0   115.0    0.0     0.0     0.0     0.0     0.0    0   25
  27  1            1  1  0 0.9750  -4.90     69.0     13.0      0.0     0.0   115.0    0.0     0.0     0.0     0.0     0.0    0   26
  33  1            1  1  0 1.0244 -12.02     55.0      6.0      0.0     0.0   115.0    0.0     0.0     0.0     0.0     0.0    0   27
  34  1            1  1  0 1.0414  -7.94      0.0      0.0      0.0     0.0   345.0    0.0     0.0     0.0     0.0     0.0    0   28
  35  1            1  1  0 0.9757 -25.72      0.0      0.0      0.0     0.0   115.0    0.0     0.0     0.0     0.0     0.0    0   29
  36  1            1  1  0 1.0011 -22.59      0.0      0.0      0.0     0.0   230.0    0.0     0.0     0.0     0.0     0.0    0   30
  37  1            1  1  0 1.0201 -11.23     85.0     32.0      0.0     0.0   115.0    0.0     0.0     0.0     0.0     0.0    0   31
  38  1            1  1  0 1.0202 -12.56    155.0     18.0      0.0     0.0   115.0    0.0     0.0     0.0     0.0     0.0    0   32
  39  1            1  1  0 1.0535  -5.81      0.0      0.0      0.0     0.0   345.0    0.0     0.0     0.0     0.0     0.0    0   33
  40  1            1  1  0 1.0216 -12.78     46.0    -21.0      0.0     0.0   115.0    0.0     0.0     0.0     0.0     0.0    0   34
  41  1            1  1  0 1.0292 -10.45     86.0      0.0      0.0     0.0   115.0    0.0     0.0     0.0     0.0     0.0    0   35
  42  1            1  1  0 1.0448  -7.44      0.0      0.0      0.0     0.0   345.0    0.0     0.0     0.0     0.0     0.0    0   36
  43  1            1  1  0 1.0006 -16.79     39.0      9.0      0.0     0.0   115.0    0.0     0.0     0.0     0.0     0.0    0   37
  44  1            1  1  0 1.0086 -17.47    195.0     29.0      0.0     0.0   115.0    0.0     0.0     0.0     0.0     0.0    0   38
  45  1            1  1  0 1.0215 -14.74      0.0      0.0      0.0     0.0   230.0    0.0     0.0     0.0     0.0     0.0    0   39
  46  1            1  1  0 1.0344 -11.75      0.0      0.0      0.0     0.0   345.0    0.0     0.0     0.0     0.0     0.0    0   40
  47  1            1  1  0 0.9777 -23.17     58.0     11.8      0.0     0.0   115.0    0.0     0.0     0.0     0.0     0.0    0   41
  48  1            1  1  0 1.0019 -16.09     41.0     19.0      0.0     0.0   115.0    0.0     0.0     0.0     0.0     0.0    0   42
  49  1            1  1  0 1.0475  -2.95     92.0     26.0      0.0     0.0   115.0    0.0     0.0     0.0     0.0     0.0    0   43
  51  1            1  1  0 1.0253  -8.15     -5.0      5.0      0.0     0.0   115.0    0.0     0.0     0.0     0.0     0.0    0   44
  52  1            1  1  0 0.9979 -11.86     61.0     28.0      0.0     0.0   115.0    0.0     0.0     0.0     0.0     0.0    0   45
  53  1            1  1  0 0.9959 -17.60     69.0      3.0      0.0     0.0   115.0    0.0     0.0     0.0     0.0     0.0    0   46
  54  1            1  1  0 1.0050 -16.25     10.0      1.0      0.0     0.0   115.0    0.0     0.0     0.0     0.0     0.0    0   47
  55  1            1  1  0 1.0150 -12.21     22.0     10.0      0.0     0.0   115.0    0.0     0.0     0.0     0.0     0.0    0   48
  57  1            1  1  0 1.0335  -8.00     98.0     20.0      0.0     0.0   115.0    0.0     0.0     0.0     0.0     0.0    0   49
  58  1            1  1  0 0.9918  -5.99     14.0      1.0      0.0     0.0   115.0    0.0     0.0     0.0     0.0     0.0    0   50
  59  1            1  1  0 0.9789  -5.29    218.0    106.0      0.0     0.0   115.0    0.0     0.0     0.0     0.0     0.0    0   51
  60  1            1  1  0 1.0246  -9.56      0.0      0.0      0.0     0.0   230.0    0.0     0.0     0.0     0.0     0.0    0   52
  61  1            1  1  0 0.9906  -3.47    227.0    110.0      0.0     0.0   115.0    0.0     0.0     0.0     0.0     0.0    0   53
  62  1            1  1  0 1.0160  -1.10      0.0      0.0      0.0     0.0   230.0    0.0     0.0     0.0     0.0     0.0    0   54
  63  1            1  1  2 0.9583 -17.62     70.0     30.0      0.0     0.0   115.0 0.9583    25.0   -25.0     0.0     0.0   63   55
  64  1            1  1  0 0.9480 -12.97      0.0      0.0      0.0     0.0   230.0    0.0     0.0     0.0     0.0     0.0    0   56
  69  1            1  1  0 0.9630 -25.66      0.0      0.0      0.0     0.0   115.0    0.0     0.0     0.0     0.0     0.0    0   57
  70  1            1  1  0 0.9513 -35.16     56.0     20.0      0.0     0.0   115.0    0.0     0.0     0.0     0.0     0.0    0   58
  71  1            1  1  0 0.9793 -29.88    116.0     38.0      0.0     0.0   115.0    0.0     0.0     0.0     0.0     0.0    0   59
  72  1            1  1  0 0.9696 -27.48     57.0     19.0      0.0     0.0   115.0    0.0     0.0     0.0     0.0     0.0    0   60
  73  1            1  1  0 0.9775 -25.77    224.0     71.0      0.0     0.0   115.0    0.0     0.0     0.0     0.0     0.0    0   61
  74  1            1  1  0 0.9964 -22.00      0.0      0.0      0.0     0.0   230.0    0.0     0.0     0.0     0.0     0.0    0   62
  76  1            1  1  2 0.9632 -26.54    208.0    107.0      0.0     0.0   115.0 0.9632    35.0    12.0     0.0     0.0   76   63
  77  1            1  1  0 0.9837 -24.94     74.0     28.0      0.0     0.0   115.0    0.0     0.0     0.0     0.0     0.0    0   64
  78  1            1  1  0 0.9900 -24.05      0.0      0.0      0.0     0.0   115.0    0.0     0.0     0.0     0.0     0.0    0   65
  79  1            1  1  0 0.9820 -24.97     48.0     14.0      0.0     0.0   115.0    0.0     0.0     0.0     0.0     0.0    0   66
  80  1            1  1  0 0.9872 -24.97     28.0      7.0      0.0     0.0   115.0    0.0     0.0     0.0     0.0     0.0    0   67
  81  1            1  1  0 1.0340 -18.89      0.0      0.0      0.0     0.0   345.0    0.0     0.0     0.0     0.0     0.0    0   68
  84  1            1  1  2 1.0250 -17.16     37.0     13.0    375.0     0.0   115.0 1.0250   240.0  -240.0     0.0     0.0   84   69
  85  1            1  1  0 0.9872 -17.68      0.0      0.0      0.0     0.0   230.0    0.0     0.0     0.0     0.0     0.0    0   70
  86  1            1  1  0 0.9909 -14.19      0.0      0.0      0.0     0.0   230.0    0.0     0.0     0.0     0.0     0.0    0   71
  87  1            1  1  0 0.9921  -7.77      0.0      0.0      0.0     0.0   230.0    0.0     0.0     0.0     0.0     0.0    0   72
  88  1            1  1  0 1.0151 -20.96      0.0      0.0      0.0     0.0   230.0    0.0     0.0     0.0     0.0     0.0    0   73
  89  1            1  1  0 1.0317 -11.13     44.2      0.0      0.0     0.0   115.0    0.0     0.0     0.0     0.0     0.0    0   74
  90  1            1  1  0 1.0272 -11.23     66.0      0.0      0.0     0.0   115.0    0.0     0.0     0.0     0.0     0.0    0   75
  91  1            1  1  2 1.0520  -9.40     17.4      0.0    155.0     0.0   115.0 1.0520    96.0   -11.0     0.0     0.0   91   76
  92  1            1  1  2 1.0520  -6.20     15.8      0.0    290.0     0.0   115.0 1.0520   153.0  -153.0     0.0     0.0   92   77
  94  1            1  1  0 0.9930  -9.42     60.3      0.0      0.0     0.0   115.0    0.0     0.0     0.0     0.0     0.0    0   78
  97  1            1  1  0 1.0183 -13.24     39.9      0.0      0.0     0.0   115.0    0.0     0.0     0.0     0.0     0.0    0   79
  98  1            1  1  2 1.0000 -14.60     66.7      0.0     68.0     0.0   115.0 1.0000    56.0   -30.0     0.0     0.0   98   80
  99  1            1  1  0 0.9894 -20.27     83.5      0.0      0.0     0.0   115.0    0.0     0.0     0.0     0.0     0.0    0   81
 100  1            1  1  0 1.0060 -14.45      0.0      0.0      0.0     0.0   115.0    0.0     0.0     0.0     0.0     0.0    0   82
 102  1            1  1  0 1.0008 -15.23     77.8      0.0      0.0     0.0   115.0    0.0     0.0     0.0     0.0     0.0    0   83
 103  1            1  1  0 1.0288 -12.06     32.0      0.0      0.0     0.0   115.0    0.0     0.0     0.0     0.0     0.0    0   84
 104  1            1  1  0 0.9958 -17.33      8.6      0.0      0.0     0.0   115.0    0.0     0.0     0.0     0.0     0.0    0   85
 105  1            1  1  0 1.0223 -12.94     49.6      0.0      0.0     0.0   115.0    0.0     0.0     0.0     0.0     0.0    0   86
 107  1            1  1  0 1.0095 -16.03      4.6      0.0      0.0     0.0   115.0    0.0     0.0     0.0     0.0     0.0    0   87
 108  1            1  1  2 0.9900 -20.26    112.1      0.0    117.0     0.0   115.0 0.9900    77.0   -24.0     0.0     0.0  108   88
 109  1            1  1  0 0.9749 -26.06     30.7      0.0      0.0     0.0   115.0    0.0     0.0     0.0     0.0     0.0    0   89
 110  1            1  1  0 0.9730 -24.72     63.0      0.0      0.0     0.0   115.0    0.0     0.0     0.0     0.0     0.0    0   90
 112  1            1  1  0 0.9725 -28.69     19.6      0.0      0.0     0.0   115.0    0.0     0.0     0.0     0.0     0.0    0   91
 113  1            1  1  0 0.9700 -25.38     26.2      0.0      0.0     0.0   115.0    0.0     0.0     0.0     0.0     0.0    0   92
 114  1            1  1  0 0.9747 -28.59     18.2      0.0      0.0     0.0   115.0    0.0     0.0     0.0     0.0     0.0    0   93
 115  2            1  2  0 0.9603 -13.57      0.0      0.0      0.0     0.0   115.0    0.0     0.0     0.0     0.0     0.0    0   94
 116  2            1  2  0 1.0249 -12.69      0.0      0.0      0.0     0.0   115.0    0.0     0.0     0.0     0.0     0.0    0   95
 117  2            1  2  0 0.9348  -4.72      0.0      0.0      0.0     0.0   115.0    0.0     0.0     0.0     0.0    3.25    0   96
 118  2            1  2  0 0.9298  -4.12     14.1    650.0      0.0     0.0   115.0    0.0     0.0     0.0     0.0     0.0    0   97
 119  2            1  2  2 1.0435   5.17      0.0      0.0   1930.0     0.0   115.0 1.0435  1500.0  -500.0     0.0     0.0  119   98
 120  2            1  2  0 0.9584  -8.77    777.0    215.0      0.0     0.0   115.0    0.0     0.0     0.0     0.0    0.55    0   99
 121  2            1  2  0 0.9871 -12.64    535.0     55.0      0.0     0.0   115.0    0.0     0.0     0.0     0.0     0.0    0  100
 122  2            1  2  0 0.9728 -14.36    229.1     11.8      0.0     0.0   115.0    0.0     0.0     0.0     0.0     0.0    0  101
 123  2            1  2  0 1.0006 -17.64     78.0      1.4      0.0     0.0   115.0    0.0     0.0     0.0     0.0     0.0    0  102
 124  2            1  2  2 1.0233 -13.49    276.4     59.3    240.0     0.0   115.0 1.0233   120.0   -60.0     0.0     0.0  124  103
 125  2            1  2  2 1.0103 -18.43    514.8     82.7      0.0     0.0   115.0 1.0103   200.0   -25.0     0.0     0.0  125  104
 126  2            1  2  0 0.9978 -12.86     57.9      5.1      0.0     0.0   115.0    0.0     0.0     0.0     0.0     0.0    0  105
 127  2            1  2  0 1.0001 -10.52    380.8     37.0      0.0     0.0   230.0    0.0     0.0     0.0     0.0     0.0    0  106
 128  2            1  2  0 1.0024  -4.78      0.0      0.0      0.0     0.0   230.0    0.0     0.0     0.0     0.0     0.0    0  107
 129  2            1  2  0 1.0028  -4.40      0.0      0.0      0.0     0.0   230.0    0.0     0.0     0.0     0.0     0.0    0  108
 130  2            1  2  0 1.0191   5.56      0.0      0.0      0.0     0.0   230.0    0.0     0.0     0.0     0.0     0.0    0  109
 131  2            1  2  0 0.9861   6.06      0.0      0.0      0.0     0.0   230.0    0.0     0.0     0.0     0.0     0.0    0  110
 132  2            1  2  0 1.0045   3.04      0.0      0.0      0.0     0.0   230.0    0.0     0.0     0.0     0.0     0.0    0  111
 133  2            1  2  0 1.0020  -5.46      0.0      0.0      0.0     0.0   230.0    0.0     0.0     0.0     0.0     0.0    0  112
 134  2            1  2  0 1.0220  -8.04      0.0      0.0      0.0     0.0   230.0    0.0     0.0     0.0     0.0     0.0    0  113
 135  2            1  2  0 1.0193  -6.76    169.2     41.6      0.0     0.0   230.0    0.0     0.0     0.0     0.0     0.0    0  114
 136  2            1  2  0 1.0476   1.54     55.2     18.2      0.0     0.0   230.0    0.0     0.0     0.0     0.0     0.0    0  115
 137  2            1  2  0 1.0471  -1.45    273.6     99.8      0.0     0.0   230.0    0.0     0.0     0.0     0.0     0.0    0  116
 138  2            1  2  2 1.0550  -6.35    826.7    135.2   -192.5     0.0   230.0 1.0550   350.0  -125.0     0.0     0.0  138  117
 139  2            1  2  0 1.0117  -3.57    595.0     83.3      0.0     0.0   115.0    0.0     0.0     0.0     0.0     0.0    0  118
 140  2            1  2  0 1.0430  -3.44    387.7    114.7      0.0     0.0   230.0    0.0     0.0     0.0     0.0     0.0    0  119
 141  2            1  2  2 1.0510   0.05    145.0     58.0    281.0     0.0   230.0 1.0510    75.0   -50.0     0.0     0.0  141  120
 142  2            1  2  0 1.0155  -2.77     56.5     24.5      0.0     0.0   230.0    0.0     0.0     0.0     0.0     0.0    0  121
 143  2            1  2  2 1.0435   4.03     89.5     35.5    696.0     0.0   230.0 1.0435   300.0  -100.0     0.0     0.0  143  122
 144  2            1  2  0 1.0160  -0.70      0.0      0.0      0.0     0.0   230.0    0.0     0.0     0.0     0.0     0.0    0  123
 145  2            1  2  0 1.0081  -0.16     24.0     14.0      0.0     0.0   230.0    0.0     0.0     0.0     0.0     0.0    0  124
 146  2            1  2  2 1.0528   4.32      0.0      0.0     84.0     0.0   230.0 1.0528    35.0   -15.0     0.0     0.0  146  125
 147  2            1  2  2 1.0528   8.36      0.0      0.0    217.0     0.0   230.0 1.0528   100.0   -50.0     0.0     0.0  147  126
 148  2            1  2  0 1.0577   0.28     63.0     25.0      0.0     0.0   230.0    0.0     0.0     0.0     0.0     0.0    0  127
 149  2            1  2  2 1.0735   5.23      0.0      0.0    103.0     0.0   230.0 1.0735    50.0   -25.0     0.0     0.0  149  128
 150  2            1  2  0 0.9869   6.34      0.0      0.0      0.0     0.0   230.0    0.0     0.0     0.0     0.0     0.0    0  129
 151  2            1  2  0 1.0048   4.13      0.0      0.0      0.0     0.0   230.0    0.0     0.0     0.0     0.0     0.0    0  130
 152  2            1  2  2 1.0535   9.24     17.0      9.0    372.0     0.0   230.0 1.0535   175.0   -50.0     0.0     0.0  152  131
 153  2            1  2  2 1.0435  10.46      0.0      0.0    216.0     0.0   230.0 1.0435    90.0   -50.0     0.0     0.0  153  132
 154  2            1  2  0 0.9663  -1.80     70.0      5.0      0.0     0.0   115.0    0.0     0.0     0.0     0.0   0.345    0  133
 155  2            1  2  0 1.0177   6.75    200.0     50.0      0.0     0.0   230.0    0.0     0.0     0.0     0.0     0.0    0  134
 156  2            1  2  2 0.9630   5.15     75.0     50.0      0.0     0.0   115.0 0.9630    15.0   -10.0     0.0     0.0  156  135
 157  2            1  2  0 0.9845 -11.93    123.5    -24.3      0.0     0.0   230.0    0.0     0.0     0.0     0.0     0.0    0  136
 158  2            1  2  0 0.9987 -11.40      0.0      0.0      0.0     0.0   230.0    0.0     0.0     0.0     0.0     0.0    0  137
 159  2            1  2  0 0.9867  -9.82     33.0     16.5      0.0     0.0   230.0    0.0     0.0     0.0     0.0     0.0    0  138
 160  2            1  2  0 0.9998 -12.55      0.0      0.0      0.0     0.0   230.0    0.0     0.0     0.0     0.0     0.0    0  139
 161  2            1  2  0 1.0360   8.85     35.0     15.0      0.0     0.0   230.0    0.0     0.0     0.0     0.0     0.0    0  140
 162  2            1  2  0 0.9918  18.50     85.0     24.0      0.0     0.0   230.0    0.0     0.0     0.0     0.0     0.0    0  141
 163  2            1  2  0 1.0410   2.91      0.0      0.4      0.0     0.0   230.0    0.0     0.0     0.0     0.0     0.0    0  142
 164  2            1  2  0 0.9839   9.66      0.0      0.0      0.0     0.0   230.0    0.0     0.0     0.0     0.0   -2.12    0  143
 165  2            1  2  0 1.0002  26.31      0.0      0.0      0.0     0.0   230.0    0.0     0.0     0.0     0.0     0.0    0  144
 166  2            1  2  0 0.9973  30.22      0.0      0.0      0.0     0.0   230.0    0.0     0.0     0.0     0.0   -1.03    0  145
 167  2            1  2  0 0.9715  -6.91    299.9     95.7      0.0     0.0   230.0    0.0     0.0     0.0     0.0     0.0    0  146
 168  2            1  2  0 1.0024  -4.80      0.0      0.0      0.0     0.0   230.0    0.0     0.0     0.0     0.0     0.0    0  147
 169  2            1  2  0 0.9879  -6.68      0.0      0.0      0.0     0.0   230.0    0.0     0.0     0.0     0.0     0.0    0  148
 170  2            1  2  2 0.9290   0.09    481.8    205.0    205.0     0.0   115.0 0.9290    90.0   -40.0     0.0     0.0  170  149
 171  2            1  2  2 0.9829  -9.94    763.6    291.1      0.0     0.0   115.0 0.9829   150.0   -50.0     0.0     0.0  171  150
 172  2            1  2  0 1.0244  -6.22     26.5      0.0      0.0     0.0   115.0    0.0     0.0     0.0     0.0     0.0    0  151
 173  2            1  2  0 0.9837 -12.75    163.5     43.0      0.0     0.0   115.0    0.0     0.0     0.0     0.0    0.53    0  152
 174  2            1  2  0 1.0622  -2.69      0.0      0.0      0.0     0.0   115.0    0.0     0.0     0.0     0.0     0.0    0  153
 175  2            1  2  0 0.9730  -7.21    176.0     83.0      0.0     0.0   115.0    0.0     0.0     0.0     0.0     0.0    0  154
 176  2            1  2  2 1.0522   4.67      5.0      4.0    228.0     0.0   115.0 1.0522    90.0   -45.0     0.0     0.0  176  155
 177  2            1  2  2 1.0077   0.62     28.0     12.0     84.0     0.0   115.0 1.0077    35.0   -15.0     0.0     0.0  177  156
 178  2            1  2  0 0.9397  -6.56    427.4    173.6      0.0     0.0   115.0    0.0     0.0     0.0     0.0     0.0    0  157
 179  2            1  2  0 0.9699  -9.37     74.0     29.0      0.0     0.0   115.0    0.0     0.0     0.0     0.0    0.45    0  158
 180  2            1  2  0 0.9793  -3.09     69.5     49.3      0.0     0.0   115.0    0.0     0.0     0.0     0.0     0.0    0  159
 181  2            1  2  0 1.0518  -1.33     73.4      0.0      0.0     0.0   230.0    0.0     0.0     0.0     0.0     0.0    0  160
 182  2            1  2  0 1.0447  -4.19    240.7     89.0      0.0     0.0   230.0    0.0     0.0     0.0     0.0     0.0    0  161
 183  2            1  2  0 0.9717   7.12     40.0      4.0      0.0     0.0   115.0    0.0     0.0     0.0     0.0     0.0    0  162
 184  2            1  2  0 1.0386  -6.85    136.8     16.6      0.0     0.0   230.0    0.0     0.0     0.0     0.0     0.0    0  163
 185  2            1  2  2 1.0522  -4.33      0.0      0.0    200.0     0.0   230.0 1.0522    80.0   -50.0     0.0     0.0  185  164
 186  2            1  2  2 1.0650   2.17     59.8     24.3   1200.0     0.0   230.0 1.0650   400.0  -100.0     0.0     0.0  186  165
 187  2            1  2  2 1.0650   1.40     59.8     24.3   1200.0     0.0   230.0 1.0650   400.0  -100.0     0.0     0.0  187  166
 188  2            1  2  0 1.0533  -0.72    182.6     43.6      0.0     0.0   230.0    0.0     0.0     0.0     0.0     0.0    0  167
 189  3            1  3  0 0.9975 -25.84      7.0      2.0      0.0     0.0    66.0    0.0     0.0     0.0     0.0     0.0    0  168
 190  3            1  3  2 1.0551 -20.62      0.0      0.0    475.0     0.0   345.0 1.0551   300.0  -300.0     0.0    -1.5  190  169
 191  3            1  3  2 1.0435  12.25    489.0     53.0   1973.0     0.0   230.0 1.0435  1000.0 -1000.0     0.0     0.0  191  170
 192  3            1  3  0 0.9374 -11.18    800.0     72.0      0.0     0.0   230.0    0.0     0.0     0.0     0.0     0.0    0  171
 193  3            1  3  0 0.9897 -26.09      0.0      0.0      0.0     0.0    66.0    0.0     0.0     0.0     0.0     0.0    0  172
 194  3            1  3  0 1.0489 -19.21      0.0      0.0      0.0     0.0   345.0    0.0     0.0     0.0     0.0     0.0    0  173
 195  3            1  3  0 1.0357 -20.79      0.0      0.0      0.0     0.0   345.0    0.0     0.0     0.0     0.0     0.0    0  174
 196  3            1  3  0 0.9695 -25.32     10.0      3.0      0.0     0.0   115.0    0.0     0.0     0.0     0.0     0.0    0  175
 197  3            1  3  0 0.9907 -23.72     43.0     14.0      0.0     0.0   115.0    0.0     0.0     0.0     0.0     0.0    0  176
 198  3            1  3  2 1.0150 -20.58     64.0     21.0    424.0     0.0   115.0 1.0150   260.0  -260.0     0.0     0.0  198  177
 199  3            1  3  0 0.9528 -26.05     35.0     12.0      0.0     0.0   115.0    0.0     0.0     0.0     0.0     0.0    0  178
 200  3            1  3  0 0.9550 -25.93     27.0     12.0      0.0     0.0   115.0    0.0     0.0     0.0     0.0     0.0    0  179
 201  1            1  1  0 0.9692 -27.49     41.0     14.0      0.0     0.0    66.0    0.0     0.0     0.0     0.0     0.0    0  180
 202  3            1  3  0 0.9908 -25.33     38.0     13.0      0.0     0.0    66.0    0.0     0.0     0.0     0.0     0.0    0  181
 203  3            1  3  0 1.0033 -22.35     42.0     14.0      0.0     0.0   115.0    0.0     0.0     0.0     0.0     0.0    0  182
 204  3            1  3  0 0.9718 -25.70     72.0     24.0      0.0     0.0    66.0    0.0     0.0     0.0     0.0     0.0    0  183
 205  3            1  3  0 0.9838 -26.07      0.0     -5.0      0.0     0.0    66.0    0.0     0.0     0.0     0.0     0.0    0  184
 206  3            1  3  0 0.9992 -27.41     12.0      2.0      0.0     0.0    66.0    0.0     0.0     0.0     0.0     0.0    0  185
 207  1            1  1  0 1.0137 -27.44    -21.0    -14.2      0.0     0.0    66.0    0.0     0.0     0.0     0.0     0.0    0  186
 208  3            1  3  0 0.9929 -26.28      7.0      2.0      0.0     0.0    66.0    0.0     0.0     0.0     0.0     0.0    0  187
 209  3            1  3  0 0.9999 -25.66     38.0     13.0      0.0     0.0    66.0    0.0     0.0     0.0     0.0     0.0    0  188
 210  3            1  3  0 0.9788 -24.22      0.0      0.0      0.0     0.0   115.0    0.0     0.0     0.0     0.0     0.0    0  189
 211  3            1  3  0 1.0017 -23.31     96.0      7.0      0.0     0.0   115.0    0.0     0.0     0.0     0.0     0.0    0  190
 212  3            1  3  0 1.0132 -22.51      0.0      0.0      0.0     0.0   138.0    0.0     0.0     0.0     0.0     0.0    0  191
 213  3            1  3  2 1.0100 -11.67      0.0      0.0    272.0     0.0    16.5 1.0100   150.0  -150.0     0.0     0.0  213  192
 214  3            1  3  0 0.9919 -17.53     22.0     16.0      0.0     0.0   138.0    0.0     0.0     0.0     0.0     0.0    0  193
 215  3            1  3  0 0.9866 -20.23     47.0     26.0      0.0     0.0   138.0    0.0     0.0     0.0     0.0     0.0    0  194
 216  3            1  3  0 0.9751 -22.53    176.0    105.0      0.0     0.0   138.0    0.0     0.0     0.0     0.0     0.0    0  195
 217  3            1  3  0 1.0215 -22.20    100.0     75.0      0.0     0.0   138.0    0.0     0.0     0.0     0.0     0.0    0  196
 218  3            1  3  0 1.0075 -22.63    131.0     96.0      0.0     0.0   138.0    0.0     0.0     0.0     0.0     0.0    0  197
 219  3            1  3  0 1.0554 -21.15      0.0      0.0      0.0     0.0   345.0    0.0     0.0     0.0     0.0     0.0    0  198
 220  3            1  3  2 1.0080 -21.73    285.0    100.0    100.0     0.0   138.0 1.0080    60.0   -60.0     0.0     0.0  220  199
 221  3            1  3  2 1.0000 -22.49    171.0     70.0    450.0     0.0   138.0 1.0000   320.0  -320.0     0.0     0.0  221  200
 222  3            1  3  2 1.0500 -23.17    328.0    188.0    250.0     0.0    20.0 1.0500   300.0  -300.0     0.0     0.0  222  201
 223  3            1  3  0 0.9965 -22.70    428.0    232.0      0.0     0.0   138.0    0.0     0.0     0.0     0.0     0.0    0  202
 224  3            1  3  0 1.0002 -21.55    173.0     99.0      0.0     0.0   230.0    0.0     0.0     0.0     0.0     0.0    0  203
 225  3            1  3  0 0.9453 -11.34    410.0     40.0      0.0     0.0   230.0    0.0     0.0     0.0     0.0     0.0    0  204
 226  3            1  3  0 1.0180 -21.61      0.0      0.0      0.0     0.0   230.0    0.0     0.0     0.0     0.0     0.0    0  205
 227  3            1  3  2 1.0000 -27.22    538.0    369.0    303.0     0.0    27.0 1.0000   300.0  -300.0     0.0     0.0  227  206
 228  3            1  3  0 1.0423 -20.94    223.0    148.0      0.0     0.0   138.0    0.0     0.0     0.0     0.0     0.0    0  207
 229  3            1  3  0 1.0496 -19.94     96.0     46.0      0.0     0.0   138.0    0.0     0.0     0.0     0.0     0.0    0  208
 230  3            1  3  2 1.0400 -13.82      0.0      0.0    345.0     0.0    20.0 1.0400   250.0  -250.0     0.0     0.0  230  209
 231  3            1  3  0 1.0535 -21.22    159.0    107.0      0.0     0.0   345.0    0.0     0.0     0.0     0.0    -3.0    0  210
 232  3            1  3  0 1.0414 -23.19    448.0    143.0      0.0     0.0   138.0    0.0     0.0     0.0     0.0     0.0    0  211
 233  3            1  3  2 1.0000 -25.90    404.0    212.0    300.0     0.0    66.0 1.0000   500.0  -500.0     0.0     0.0  233  212
 234  3            1  3  0 1.0387 -20.89    572.0    244.0      0.0     0.0   138.0    0.0     0.0     0.0     0.0     0.0    0  213
 235  3            1  3  0 1.0095 -21.03    269.0    157.0      0.0     0.0   138.0    0.0     0.0     0.0     0.0     0.0    0  214
 236  3            1  3  2 1.0165 -15.40      0.0      0.0    600.0     0.0    20.0 1.0165   300.0  -300.0     0.0     0.0  236  215
 237  3            1  3  0 1.0558 -21.10      0.0      0.0      0.0     0.0   345.0    0.0     0.0     0.0     0.0     0.0    0  216
 238  3            1  3  2 1.0100 -20.94    255.0    149.0    250.0     0.0   138.0 1.0100   200.0  -200.0     0.0    -1.5  238  217
 239  3            1  3  2 1.0000 -15.86      0.0      0.0    550.0     0.0   138.0 1.0000   400.0  -400.0     0.0     0.0  239  218
 240  3            1  3  0 1.0237 -20.14      0.0      0.0      0.0     0.0   230.0    0.0     0.0     0.0     0.0    -1.4    0  219
 241  3            1  3  2 1.0500 -16.50      0.0      0.0   575.43     0.0    20.0 1.0500   600.0  -600.0     0.0     0.0  241  220
 242  3            1  3  2 0.9930 -17.53      0.0      0.0    170.0     0.0   138.0 0.9930   100.0    40.0     0.0     0.0  242  221
 243  3            1  3  2 1.0100 -19.27      8.0      3.0     84.0     0.0    66.0 1.0100    80.0    40.0     0.0     0.0  243  222
 244  3            1  3  0 0.9921 -20.21      0.0      0.0      0.0     0.0    66.0    0.0     0.0     0.0     0.0     0.0    0  223
 245  3            1  3  0 0.9711 -20.90     61.0     30.0      0.0     0.0    66.0    0.0     0.0     0.0     0.0     0.0    0  224
 246  3            1  3  0 0.9651 -21.74     77.0     33.0      0.0     0.0    66.0    0.0     0.0     0.0     0.0     0.0    0  225
 247  3            1  3  0 0.9688 -21.67     61.0     30.0      0.0     0.0    66.0    0.0     0.0     0.0     0.0     0.0    0  226
 248  3            1  3  0 0.9760 -25.23     29.0     14.0      0.0     0.0    66.0    0.0     0.0     0.0     0.0   0.456    0  227
 249  3            1  3  0 0.9752 -25.65     29.0     14.0      0.0     0.0    66.0    0.0     0.0     0.0     0.0     0.0    0  228
 250  3            1  3  0 1.0196 -23.80    -23.0    -17.0      0.0     0.0    66.0    0.0     0.0     0.0     0.0     0.0    0  229
 281  3            1  3  0 1.0251 -20.06    -33.1    -29.4      0.0     0.0   230.0    0.0     0.0     0.0     0.0     0.0    0  230
 319  1            1  1  0 1.0152   1.48    115.8    -24.0      0.0     0.0   230.0    0.0     0.0     0.0     0.0     0.0    0  231
 320  1            1  1  0 1.0146  -2.23      2.4    -12.6      0.0     0.0   115.0    0.0     0.0     0.0     0.0     0.0    0  232
 322  1            1  1  0 1.0005 -17.61      2.4     -3.9      0.0     0.0   115.0    0.0     0.0     0.0     0.0     0.0    0  233
 323  1            1  1  0 0.9810 -13.69    -14.9     26.5      0.0     0.0   230.0    0.0     0.0     0.0     0.0     0.0    0  234
 324  1            1  1  0 0.9750 -23.42     24.7     -1.2      0.0     0.0   115.0    0.0     0.0     0.0     0.0     0.0    0  235
 526  1            1  1  0 0.9429 -34.31    145.3    -34.9      0.0     0.0   115.0    0.0     0.0     0.0     0.0     0.0    0  236
 528  1            1  1  0 0.9723 -37.58     28.1    -20.5      0.0     0.0   115.0    0.0     0.0     0.0     0.0     0.0    0  237
 531  1            1  1  0 0.9604 -29.10     14.0      2.5      0.0     0.0   115.0    0.0     0.0     0.0     0.0     0.0    0  238
 552  1            1  1  0 1.0009 -23.36    -11.1     -1.4      0.0     0.0   115.0    0.0     0.0     0.0     0.0     0.0    0  239
 562  1            1  1  0 0.9777 -28.00     50.5     17.4      0.0     0.0   230.0    0.0     0.0     0.0     0.0     0.0    0  240
 609  1            1  1  0 0.9583 -28.79     29.6      0.6      0.0     0.0   115.0    0.0     0.0     0.0     0.0     0.0    0  241
 664  3            1  3  0 1.0309 -17.00   -113.7     76.7      0.0     0.0   345.0    0.0     0.0     0.0     0.0     0.0    0  242
1190  2            1  2  0 1.0128   3.90   100.31    29.17      0.0     0.0    86.0    0.0     0.0     0.0     0.0     0.0    0  243
1200  2            1  2  0 1.0244  -7.52   -100.0    34.17      0.0     0.0    86.0    0.0     0.0     0.0     0.0     0.0    0  244
1201  2            1  2  0 1.0122 -15.18      0.0      0.0      0.0     0.0   115.0    0.0     0.0     0.0     0.0     0.0    0  245
2040  3            1  3  0 0.9653 -14.94      0.0      0.0      0.0     0.0   115.0 1.0000     0.0     0.0     0.0     0.0    0  246
7001  1            1  1  2 1.0507  10.79      0.0      0.0    467.0     0.0    13.8 1.0507   210.0  -210.0     0.0     0.0 7001  247
7002  1            1  1  2 1.0507  12.48      0.0      0.0    623.0     0.0    13.8 1.0507   280.0  -280.0     0.0     0.0 7002  248
7003  1            1  1  2 1.0323  13.76      0.0      0.0   1210.0     0.0    13.8 1.0323   420.0  -420.0     0.0     0.0 7003  249
7011  1            1  1  2 1.0145   4.99      0.0      0.0    234.0     0.0    13.8 1.0145   100.0  -100.0     0.0     0.0 7011  250
7012  1            1  1  2 1.0507  11.57      0.0      0.0    372.0     0.0    13.8 1.0507   224.0  -224.0     0.0     0.0 7012  251
7017  1            1  1  2 1.0507 -10.47      0.0      0.0    330.0     0.0    13.8 1.0507   350.0     0.0     0.0     0.0 7017  252
7023  1            1  1  2 1.0507   6.15      0.0      0.0    185.0     0.0    13.8 1.0507   120.0     0.0     0.0     0.0 7023  253
7024  1            1  1  2 1.0290  12.60      0.0      0.0    410.0     0.0    13.8 1.0290   224.0  -224.0     0.0     0.0 7024  254
7039  1            1  1  2 1.0500   2.11      0.0      0.0    500.0     0.0    20.0 1.0500   200.0  -200.0     0.0     0.0 7039  255
7044  1            1  1  2 1.0145 -13.92      0.0      0.0     37.0     0.0    13.8 1.0145    42.0     0.0     0.0     0.0 7044  256
7049  1            1  1  3 1.0507    0.0      0.0      0.0      0.0     0.0    13.8 1.0507     0.0     0.0     0.0     0.0    0  257
7055  1            1  1  2 0.9967  -7.50      0.0      0.0     45.0     0.0    13.8 0.9967    25.0     0.0     0.0     0.0 7055  258
7057  1            1  1  2 1.0212  -3.44      0.0      0.0    165.0     0.0    13.8 1.0212    90.0   -90.0     0.0     0.0 7057  259
7061  1            1  1  2 1.0145   1.97      0.0      0.0    400.0     0.0    13.8 1.0145   150.0  -150.0     0.0     0.0 7061  260
7062  1            1  1  2 1.0017   5.80      0.0      0.0    400.0     0.0    13.8 1.0017   150.0     0.0     0.0     0.0 7062  261
7071  1            1  1  2 0.9893 -25.35      0.0      0.0    116.0     0.0    13.8 0.9893    87.0     0.0     0.0     0.0 7071  262
7130  2            1  2  2 1.0507  19.02      0.0      0.0   1292.0     0.0    13.8 1.0507   600.0  -100.0     0.0     0.0 7130  263
7139  2            1  2  2 1.0507   2.75      0.0      0.0    700.0     0.0    13.8 1.0507   325.0  -125.0     0.0     0.0 7139  264
7166  2            1  2  2 1.0145  35.05      0.0      0.0    553.0     0.0    13.8 1.0145   300.0  -200.0     0.0     0.0 7166  265
9001  1            1  9  0 1.0117 -11.25      0.0      0.0      0.0     0.0   115.0    0.0     0.0     0.0     0.0     0.0    0  266
9002  1            1  9  2 0.9945 -18.86      0.0      0.0     -4.2     0.0     6.6 0.9945     2.0    -2.0     0.0     0.0 9002  267
9003  1            1  9  0 0.9833 -19.68     2.71     0.94      0.0     0.0     6.6    0.0     0.0     0.0  0.0014   0.024    0  268
9004  1            1  9  0 0.9768 -19.82     0.86     0.28      0.0     0.0     6.6    0.0     0.0     0.0     0.0     0.0    0  269
9005  1            1  9  0 1.0117 -11.32      0.0      0.0      0.0     0.0   115.0    0.0     0.0     0.0     0.0     0.0    0  270
9006  1            1  9  0 1.0029 -17.42      0.0      0.0      0.0     0.0     6.6    0.0     0.0     0.0     0.0     0.0    0  271
9007  1            1  9  0 0.9913 -18.69      0.0      0.0      0.0     0.0     6.6    0.0     0.0     0.0     0.0     0.0    0  272
9012  1            1  9  0 1.0023 -17.27      0.0      0.0      0.0     0.0     6.6    0.0     0.0     0.0     0.0     0.0    0  273
9021  1            1  9  0 0.9887 -19.09     4.75     1.56      0.0     0.0     6.6    0.0     0.0     0.0     0.0     0.0    0  274
9022  1            1  9  0 0.9648 -21.67     1.53     0.53      0.0     0.0     0.6    0.0     0.0     0.0  0.0008     0.0    0  275
9023  1            1  9  0 0.9747 -19.41      0.0      0.0      0.0     0.0     6.6    0.0     0.0     0.0     0.0     0.0    0  276
9024  1            1  9  0 0.9706 -21.43     1.35     0.47      0.0     0.0     0.6    0.0     0.0     0.0  0.0007     0.0    0  277
9025  1            1  9  0 0.9649 -20.48     0.45     0.16      0.0     0.0     0.6    0.0     0.0     0.0  0.0002     0.0    0  278
9026  1            1  9  0 0.9657 -20.39     0.45     0.16      0.0     0.0     0.6    0.0     0.0     0.0  0.0002     0.0    0  279
9031  1            1  9  0 0.9318 -25.03     1.84     0.64      0.0     0.0     0.6    0.0     0.0     0.0   0.001     0.0    0  280
9032  1            1  9  0 0.9441 -23.84     1.39     0.48      0.0     0.0     0.6    0.0     0.0     0.0  0.0007     0.0    0  281
9033  1            1  9  0 0.9286 -25.33     1.89     0.65      0.0     0.0     0.6    0.0     0.0     0.0   0.001     0.0    0  282
9034  1            1  9  0 0.9973 -21.10     1.55     0.54      0.0     0.0     0.6    0.0     0.0     0.0  0.0008  0.0172    0  283
9035  1            1  9  0 0.9506 -23.19     1.66     0.58      0.0     0.0     0.6    0.0     0.0     0.0  0.0009     0.0    0  284
9036  1            1  9  0 0.9598 -22.67     3.03      1.0      0.0     0.0     2.3    0.0     0.0     0.0     0.0     0.0    0  285
9037  1            1  9  0 0.9570 -22.58     1.86     0.64      0.0     0.0     0.6    0.0     0.0     0.0   0.001     0.0    0  286
9038  1            1  9  0 0.9391 -24.41     2.58     0.89      0.0     0.0     0.6    0.0     0.0     0.0  0.0014     0.0    0  287
9041  1            1  9  0 0.9636 -21.33     1.01     0.35      0.0     0.0     0.6    0.0     0.0     0.0  0.0005     0.0    0  288
9042  1            1  9  0 0.9501 -22.50     0.81     0.28      0.0     0.0     0.6    0.0     0.0     0.0  0.0004     0.0    0  289
9043  1            1  9  0 0.9646 -21.42      1.6     0.52      0.0     0.0     2.3    0.0     0.0     0.0     0.0     0.0    0  290
9044  1            1  9  0 0.9790 -19.78      0.0      0.0      0.0     0.0     6.6    0.0     0.0     0.0     0.0     0.0    0  291
9051  1            1  9  2 1.0000 -19.40      0.0      0.0   -35.81     0.0    13.8 1.0000   17.35  -17.35     0.0     0.0 9051  292
9052  1            1  9  0 0.9786 -17.25     30.0     23.0      0.0     0.0    13.8    0.0     0.0     0.0     0.0     0.0    0  293
9053  1            1  9  2 1.0000 -17.68      0.0      0.0   -26.48     0.0    13.8 1.0000   12.83   -12.8     0.0     0.0 9053  294
9054  1            1  9  2 1.0000  -6.83      0.0      0.0     50.0     0.0    13.8 1.0000    38.0   -38.0     0.0     0.0 9054  295
9055  1            1  9  2 1.0000  -7.54      0.0      0.0      8.0     0.0    13.8 1.0000     6.0    -6.0     0.0     0.0 9055  296
9071  1            1  9  0 0.9752 -20.48     1.02     0.35      0.0     0.0     0.6    0.0     0.0     0.0  0.0005     0.0    0  297
9072  1            1  9  0 0.9803 -19.92     1.02     0.35      0.0     0.0     0.6    0.0     0.0     0.0  0.0005     0.0    0  298
9121  1            1  9  0 0.9799 -19.30      3.8     1.25      0.0     0.0     6.6    0.0     0.0     0.0     0.0     0.0    0  299
9533  1            1  9  0 1.0402 -18.24     1.19     0.41      0.0     0.0     2.3    0.0     0.0     0.0   0.001     0.0    0  300
-999
BRANCH DATA FOLLOWS                 411 ITEMS
  37 9001  1  9 1 3   0.00006   0.00046       0.0     0     0    75    0 0  1.0082     0.0 0.9043 1.1043 0.0040     0.0   15.0     1
9001 9005  1  9 1 0    0.0008   0.00348       0.0     0     0     0    0 0     0.0     0.0    0.0    0.0    0.0     0.0    0.0     2
9001 9006  1  9 1 2   0.02439   0.43682       0.0     0     0     0 9006 0  0.9668     0.0 0.9391 1.1478 0.0042  0.9900 1.0100     3
9001 9012  1  9 1 2   0.03624   0.64898       0.0     0     0     0 9012 0  0.9796     0.0 0.9391 1.1478 0.0042  0.9900 1.0100     4
9005 9051  1  9 1 2   0.01578   0.37486       0.0     0     0     0 9051 0  1.0435     0.0 0.9391 1.1478 0.0042  0.9900 1.0100     5
9005 9052  1  9 1 2   0.01578   0.37486       0.0     0     0     0 9052 0  0.9391     0.0 0.9391 1.1478 0.0042  0.9900 1.0100     6
9005 9053  1  9 1 2   0.01602   0.38046       0.0     0     0     0 9053 0  1.0435     0.0 0.9391 1.1478 0.0042  0.9900 1.0100     7
9005 9054  1  9 1 1       0.0     0.152       0.0     0     0     0    0 0  1.0435     0.0    0.0    0.0    0.0     0.0    0.0     8
9005 9055  1  9 1 1       0.0       0.8       0.0     0     0     0    0 0  1.0435     0.0    0.0    0.0    0.0     0.0    0.0     9
9006 9007  1  9 1 0   0.05558   0.24666       0.0     0     0     0    0 0     0.0     0.0    0.0    0.0    0.0     0.0    0.0    10
9006 9003  1  9 1 0   0.11118   0.49332       0.0     0     0     0    0 0     0.0     0.0    0.0    0.0    0.0     0.0    0.0    11
9006 9003  1  9 2 0   0.11118   0.49332       0.0     0     0     0    0 0     0.0     0.0    0.0    0.0    0.0     0.0    0.0    12
9012 9002  1  9 1 0   0.07622   0.43286       0.0     0     0     0    0 0     0.0     0.0    0.0    0.0    0.0     0.0    0.0    13
9012 9002  1  9 2 0   0.07622   0.43286       0.0     0     0     0    0 0     0.0     0.0    0.0    0.0    0.0     0.0    0.0    14
9002 9021  1  9 1 0    0.0537   0.07026       0.0     0     0     0    0 0     0.0     0.0    0.0    0.0    0.0     0.0    0.0    15
9021 9023  1  9 1 0    1.1068   0.95278       0.0     0     0     0    0 0     0.0     0.0    0.0    0.0    0.0     0.0    0.0    16
9021 9022  1  9 1 1   0.44364    2.8152       0.0     0     0     0    0 0  1.0000     0.0    0.0    0.0    0.0     0.0    0.0    17
9002 9024  1  9 1 1   0.50748    3.2202       0.0     0     0     0    0 0  1.0000     0.0    0.0    0.0    0.0     0.0    0.0    18
9023 9025  1  9 1 1   0.66688     3.944       0.0     0     0     0    0 0  1.0000     0.0    0.0    0.0    0.0     0.0    0.0    19
9023 9026  1  9 1 1   0.61130    3.6152       0.0     0     0     0    0 0  1.0000     0.0    0.0    0.0    0.0     0.0    0.0    20
9007 9071  1  9 1 1   0.44120    2.9668       0.0     0     0     0    0 0  1.0000     0.0    0.0    0.0    0.0     0.0    0.0    21
9007 9072  1  9 1 1   0.30792     2.057       0.0     0     0     0    0 0  1.0000     0.0    0.0    0.0    0.0     0.0    0.0    22
9007 9003  1  9 1 0    0.0558   0.24666       0.0     0     0     0    0 0     0.0     0.0    0.0    0.0    0.0     0.0    0.0    23
9003 9031  1  9 1 1   0.73633    4.6724       0.0     0     0     0    0 0  1.0000     0.0    0.0    0.0    0.0     0.0    0.0    24
9003 9032  1  9 1 1   0.76978    4.8846       0.0     0     0     0    0 0  1.0000     0.0    0.0    0.0    0.0     0.0    0.0    25
9003 9033  1  9 1 1   0.75732    4.8056       0.0     0     0     0    0 0  1.0000     0.0    0.0    0.0    0.0     0.0    0.0    26
9003 9044  1  9 1 0   0.07378   0.06352       0.0     0     0     0    0 0     0.0     0.0    0.0    0.0    0.0     0.0    0.0    27
9044 9004  1  9 1 0   0.03832   0.02894       0.0     0     0     0    0 0     0.0     0.0    0.0    0.0    0.0     0.0    0.0    28
9004 9041  1  9 1 1   0.36614     2.456       0.0     0     0     0    0 0  1.0000     0.0    0.0    0.0    0.0     0.0    0.0    29
9004 9042  1  9 1 1   1.05930    5.4536       0.0     0     0     0    0 0  1.0000     0.0    0.0    0.0    0.0     0.0    0.0    30
9004 9043  1  9 1 1   0.15670    1.6994       0.0     0     0     0    0 0  1.0000     0.0    0.0    0.0    0.0     0.0    0.0    31
9003 9034  1  9 1 1   0.13006    1.3912       0.0     0     0     0    0 0  1.0000     0.0    0.0    0.0    0.0     0.0    0.0    32
9003 9035  1  9 1 1   0.54484    3.4572       0.0     0     0     0    0 0  1.0000     0.0    0.0    0.0    0.0     0.0    0.0    33
9003 9036  1  9 1 1   0.15426    1.6729       0.0     0     0     0    0 0  1.0000     0.0    0.0    0.0    0.0     0.0    0.0    34
9003 9037  1  9 1 1    0.3849    2.5712       0.0     0     0     0    0 0  1.0000     0.0    0.0    0.0    0.0     0.0    0.0    35
9003 9038  1  9 1 1    0.4412    2.9668       0.0     0     0     0    0 0  1.0000     0.0    0.0    0.0    0.0     0.0    0.0    36
9012 9121  1  9 1 0   0.23552   0.99036       0.0     0     0     0    0 0     0.0     0.0    0.0    0.0    0.0     0.0    0.0    37
9053 9533  1  9 1 1       0.0      0.75       0.0     0     0     0    0 0  0.9583     0.0    0.0    0.0    0.0     0.0    0.0    38
   1    5  1  1 1 0     0.001     0.006       0.0     0     0     0    0 0     0.0     0.0    0.0    0.0    0.0     0.0    0.0    39
   2    6  1  1 1 0     0.001     0.009       0.0     0     0     0    0 0     0.0     0.0    0.0    0.0    0.0     0.0    0.0    40
   2    8  1  1 1 0     0.006     0.027     0.054     0     0     0    0 0     0.0     0.0    0.0    0.0    0.0     0.0    0.0    41
   3    7  1  1 1 0       0.0     0.003       0.0     0     0     0    0 0     0.0     0.0    0.0    0.0    0.0     0.0    0.0    42
   3   19  1  1 1 0     0.008     0.069     0.139     0     0     0    0 0     0.0     0.0    0.0    0.0    0.0     0.0    0.0    43
   3  150  1  2 1 0     0.001     0.007       0.0     0     0     0    0 0     0.0     0.0    0.0    0.0    0.0     0.0    0.0    44
   4   16  1  1 1 0     0.002     0.019     1.127     0     0     0    0 0     0.0     0.0    0.0    0.0    0.0     0.0    0.0    45
   5    9  1  1 1 0     0.006     0.029     0.018     0     0     0    0 0     0.0     0.0    0.0    0.0    0.0     0.0    0.0    46
   7   12  1  1 1 0     0.001     0.009     0.070     0     0     0    0 0     0.0     0.0    0.0    0.0    0.0     0.0    0.0    47
   7  131  1  2 1 0     0.001     0.007     0.014     0     0     0    0 0     0.0     0.0    0.0    0.0    0.0     0.0    0.0    48
   8   11  1  1 1 0     0.013    0.0595     0.033     0     0     0    0 0     0.0     0.0    0.0    0.0    0.0     0.0    0.0    49
   8   14  1  1 1 0     0.013     0.042     0.081     0     0     0    0 0     0.0     0.0    0.0    0.0    0.0     0.0    0.0    50
   9   11  1  1 1 0     0.006     0.027     0.013     0     0     0    0 0     0.0     0.0    0.0    0.0    0.0     0.0    0.0    51
  11   13  1  1 1 0     0.008     0.034     0.018     0     0     0    0 0     0.0     0.0    0.0    0.0    0.0     0.0    0.0    52
  12   21  1  1 1 0     0.002     0.015     0.118     0     0     0    0 0     0.0     0.0    0.0    0.0    0.0     0.0    0.0    53
  13   20  1  1 1 0     0.006     0.034     0.016     0     0     0    0 0     0.0     0.0    0.0    0.0    0.0     0.0    0.0    54
  14   15  1  1 1 0     0.014     0.042     0.097     0     0     0    0 0     0.0     0.0    0.0    0.0    0.0     0.0    0.0    55
  15   37  1  1 1 0     0.065     0.248     0.121     0     0     0    0 0     0.0     0.0    0.0    0.0    0.0     0.0    0.0    56
  15   89  1  1 1 0     0.099     0.248     0.035     0     0     0    0 0     0.0     0.0    0.0    0.0    0.0     0.0    0.0    57
  15   90  1  1 1 0     0.096     0.363     0.048     0     0     0    0 0     0.0     0.0    0.0    0.0    0.0     0.0    0.0    58
  16   42  1  1 1 0     0.002     0.022      1.28     0     0     0    0 0     0.0     0.0    0.0    0.0    0.0     0.0    0.0    59
  19   21  1  1 1 0     0.002     0.018     0.036     0     0     0    0 0     0.0     0.0    0.0    0.0    0.0     0.0    0.0    60
  19   87  1  1 1 0     0.013      0.08     0.151     0     0     0    0 0     0.0     0.0    0.0    0.0    0.0     0.0    0.0    61
  20   22  1  1 1 0     0.016     0.033     0.015     0     0     0    0 0     0.0     0.0    0.0    0.0    0.0     0.0    0.0    62
  20   27  1  1 1 0     0.069     0.186     0.098     0     0     0    0 0     0.0     0.0    0.0    0.0    0.0     0.0    0.0    63
  21   24  1  1 1 0     0.004     0.034      0.28     0     0     0    0 0     0.0     0.0    0.0    0.0    0.0     0.0    0.0    64
  22   23  1  1 1 0     0.052     0.111      0.05     0     0     0    0 0     0.0     0.0    0.0    0.0    0.0     0.0    0.0    65
  23   25  1  1 1 0     0.019     0.039     0.018     0     0     0    0 0     0.0     0.0    0.0    0.0    0.0     0.0    0.0    66
  24  319  1  1 1 0     0.007     0.068     0.134     0     0     0    0 0     0.0     0.0    0.0    0.0    0.0     0.0    0.0    67
  25   26  1  1 1 0     0.036     0.071     0.034     0     0     0    0 0     0.0     0.0    0.0    0.0    0.0     0.0    0.0    68
  26   27  1  1 1 0     0.045      0.12     0.065     0     0     0    0 0     0.0     0.0    0.0    0.0    0.0     0.0    0.0    69
  26  320  1  1 1 0     0.043      0.13     0.014     0     0     0    0 0     0.0     0.0    0.0    0.0    0.0     0.0    0.0    70
  33   34  1  1 1 0       0.0     0.063       0.0     0     0     0    0 0     0.0     0.0    0.0    0.0    0.0     0.0    0.0    71
  33   38  1  1 1 0    0.0025     0.012     0.013     0     0     0    0 0     0.0     0.0    0.0    0.0    0.0     0.0    0.0    72
  33   40  1  1 1 0     0.006     0.029      0.02     0     0     0    0 0     0.0     0.0    0.0    0.0    0.0     0.0    0.0    73
  33   41  1  1 1 0     0.007     0.043     0.026     0     0     0    0 0     0.0     0.0    0.0    0.0    0.0     0.0    0.0    74
  34   42  1  1 1 0     0.001     0.008     0.042     0     0     0    0 0     0.0     0.0    0.0    0.0    0.0     0.0    0.0    75
  35   72  1  1 1 0     0.012      0.06     0.008     0     0     0    0 0     0.0     0.0    0.0    0.0    0.0     0.0    0.0    76
  35   76  1  1 1 0     0.006     0.014     0.002     0     0     0    0 0     0.0     0.0    0.0    0.0    0.0     0.0    0.0    77
  35   77  1  1 1 0      0.01     0.029     0.003     0     0     0    0 0     0.0     0.0    0.0    0.0    0.0     0.0    0.0    78
  36   88  1  1 1 0     0.004     0.027     0.043     0     0     0    0 0     0.0     0.0    0.0    0.0    0.0     0.0    0.0    79
  37   38  1  1 1 0     0.008     0.047     0.008     0     0     0    0 0     0.0     0.0    0.0    0.0    0.0     0.0    0.0    80
  37   40  1  1 1 0     0.022     0.064     0.007     0     0     0    0 0     0.0     0.0    0.0    0.0    0.0     0.0    0.0    81
  37   41  1  1 1 0      0.01     0.036      0.02     0     0     0    0 0     0.0     0.0    0.0    0.0    0.0     0.0    0.0    82
  37   49  1  1 1 0     0.017     0.081     0.048     0     0     0    0 0     0.0     0.0    0.0    0.0    0.0     0.0    0.0    83
  37   89  1  1 1 0     0.102     0.254     0.033     0     0     0    0 0     0.0     0.0    0.0    0.0    0.0     0.0    0.0    84
  37   90  1  1 1 0     0.047     0.127     0.016     0     0     0    0 0     0.0     0.0    0.0    0.0    0.0     0.0    0.0    85
  38   41  1  1 1 0     0.008     0.037      0.02     0     0     0    0 0     0.0     0.0    0.0    0.0    0.0     0.0    0.0    86
  38   43  1  1 1 0     0.032     0.087      0.04     0     0     0    0 0     0.0     0.0    0.0    0.0    0.0     0.0    0.0    87
  39   42  1  1 1 0    0.0006    0.0064     0.404     0     0     0    0 0     0.0     0.0    0.0    0.0    0.0     0.0    0.0    88
  40   48  1  1 1 0     0.026     0.154     0.022     0     0     0    0 0     0.0     0.0    0.0    0.0    0.0     0.0    0.0    89
  41   42  1  1 1 0       0.0     0.029       0.0     0     0     0    0 0     0.0     0.0    0.0    0.0    0.0     0.0    0.0    90
  41   49  1  1 1 0     0.065     0.191      0.02     0     0     0    0 0     0.0     0.0    0.0    0.0    0.0     0.0    0.0    91
  41   51  1  1 1 0     0.031     0.089     0.036     0     0     0    0 0     0.0     0.0    0.0    0.0    0.0     0.0    0.0    92
  42   46  1  1 1 0     0.002     0.014     0.806     0     0     0    0 0     0.0     0.0    0.0    0.0    0.0     0.0    0.0    93
  43   44  1  1 1 0     0.026     0.072     0.035     0     0     0    0 0     0.0     0.0    0.0    0.0    0.0     0.0    0.0    94
  43   48  1  1 1 0     0.095     0.262     0.032     0     0     0    0 0     0.0     0.0    0.0    0.0    0.0     0.0    0.0    95
  43   53  1  1 1 0     0.013     0.039     0.016     0     0     0    0 0     0.0     0.0    0.0    0.0    0.0     0.0    0.0    96
  44   47  1  1 1 0     0.027     0.084     0.039     0     0     0    0 0     0.0     0.0    0.0    0.0    0.0     0.0    0.0    97
  44   54  1  1 1 0     0.028     0.084     0.037     0     0     0    0 0     0.0     0.0    0.0    0.0    0.0     0.0    0.0    98
  45   60  1  1 1 0     0.007     0.041     0.312     0     0     0    0 0     0.0     0.0    0.0    0.0    0.0     0.0    0.0    99
  45   74  1  1 1 0     0.009     0.054     0.411     0     0     0    0 0     0.0     0.0    0.0    0.0    0.0     0.0    0.0   100
  46   81  1  1 1 0     0.005     0.042      0.69     0     0     0    0 0     0.0     0.0    0.0    0.0    0.0     0.0    0.0   101
  47   73  1  1 1 0     0.052     0.145     0.073     0     0     0    0 0     0.0     0.0    0.0    0.0    0.0     0.0    0.0   102
  47  113  1  1 1 0     0.043     0.118     0.013     0     0     0    0 0     0.0     0.0    0.0    0.0    0.0     0.0    0.0   103
  48  107  1  1 1 0     0.025     0.062     0.007     0     0     0    0 0     0.0     0.0    0.0    0.0    0.0     0.0    0.0   104
  49   51  1  1 1 0     0.031     0.094     0.043     0     0     0    0 0     0.0     0.0    0.0    0.0    0.0     0.0    0.0   105
  51   52  1  1 1 0     0.037     0.109     0.049     0     0     0    0 0     0.0     0.0    0.0    0.0    0.0     0.0    0.0   106
  52   55  1  1 1 0     0.027      0.08     0.036     0     0     0    0 0     0.0     0.0    0.0    0.0    0.0     0.0    0.0   107
  53   54  1  1 1 0     0.025     0.073     0.035     0     0     0    0 0     0.0     0.0    0.0    0.0    0.0     0.0    0.0   108
  54   55  1  1 1 0     0.035     0.103     0.047     0     0     0    0 0     0.0     0.0    0.0    0.0    0.0     0.0    0.0   109
  55   57  1  1 1 0     0.065     0.169     0.082     0     0     0    0 0     0.0     0.0    0.0    0.0    0.0     0.0    0.0   110
  57   58  1  1 1 0     0.046      0.08     0.036     0     0     0    0 0     0.0     0.0    0.0    0.0    0.0     0.0    0.0   111
  57   63  1  1 1 0     0.159     0.537     0.071     0     0     0    0 0     0.0     0.0    0.0    0.0    0.0     0.0    0.0   112
  58   59  1  1 1 0     0.009     0.026     0.005     0     0     0    0 0     0.0     0.0    0.0    0.0    0.0     0.0    0.0   113
  59   61  1  1 1 0     0.002     0.013     0.015     0     0     0    0 0     0.0     0.0    0.0    0.0    0.0     0.0    0.0   114
  60   62  1  1 1 0     0.009     0.065     0.485     0     0     0    0 0     0.0     0.0    0.0    0.0    0.0     0.0    0.0   115
  62   64  1  1 1 0     0.016     0.105     0.203     0     0     0    0 0     0.0     0.0    0.0    0.0    0.0     0.0    0.0   116
  62  144  1  2 1 0     0.001     0.007     0.013     0     0     0    0 0     0.0     0.0    0.0    0.0    0.0     0.0    0.0   117
  63  526  1  1 1 0    0.0265     0.172     0.026     0     0     0    0 0     0.0     0.0    0.0    0.0    0.0     0.0    0.0   118
  69  211  1  3 1 0     0.051     0.232     0.028     0     0     0    0 0     0.0     0.0    0.0    0.0    0.0     0.0    0.0   119
  69   79  1  1 1 0     0.051     0.157     0.023     0     0     0    0 0     0.0     0.0    0.0    0.0    0.0     0.0    0.0   120
  70   71  1  1 1 0     0.032       0.1     0.062     0     0     0    0 0     0.0     0.0    0.0    0.0    0.0     0.0    0.0   121
  70  528  1  1 1 0      0.02    0.1234     0.028     0     0     0    0 0     0.0     0.0    0.0    0.0    0.0     0.0    0.0   122
  71   72  1  1 1 0     0.036     0.131     0.068     0     0     0    0 0     0.0     0.0    0.0    0.0    0.0     0.0    0.0   123
  71   73  1  1 1 0     0.034     0.099     0.047     0     0     0    0 0     0.0     0.0    0.0    0.0    0.0     0.0    0.0   124
  72   77  1  1 1 0     0.018     0.087     0.011     0     0     0    0 0     0.0     0.0    0.0    0.0    0.0     0.0    0.0   125
  72  531  1  1 1 0    0.0256     0.193       0.0     0     0     0    0 0     0.0     0.0    0.0    0.0    0.0     0.0    0.0   126
  73   76  1  1 1 0     0.021     0.057      0.03     0     0     0    0 0     0.0     0.0    0.0    0.0    0.0     0.0    0.0   127
  73   79  1  1 1 0     0.018     0.052     0.018     0     0     0    0 0     0.0     0.0    0.0    0.0    0.0     0.0    0.0   128
  74   88  1  1 1 0     0.004     0.027      0.05     0     0     0    0 0     0.0     0.0    0.0    0.0    0.0     0.0    0.0   129
  74  562  1  1 1 0    0.0286    0.2013     0.379     0     0     0    0 0     0.0     0.0    0.0    0.0    0.0     0.0    0.0   130
  76   77  1  1 1 0     0.016     0.043     0.004     0     0     0    0 0     0.0     0.0    0.0    0.0    0.0     0.0    0.0   131
  77   78  1  1 1 0     0.001     0.006     0.007     0     0     0    0 0     0.0     0.0    0.0    0.0    0.0     0.0    0.0   132
  77   80  1  1 1 0     0.014      0.07     0.038     0     0     0    0 0     0.0     0.0    0.0    0.0    0.0     0.0    0.0   133
  77  552  1  1 1 0    0.0891    0.2676     0.029     0     0     0    0 0     0.0     0.0    0.0    0.0    0.0     0.0    0.0   134
  77  609  1  1 1 0    0.0782    0.2127     0.022     0     0     0    0 0     0.0     0.0    0.0    0.0    0.0     0.0    0.0   135
  78   79  1  1 1 0     0.006     0.022     0.011     0     0     0    0 0     0.0     0.0    0.0    0.0    0.0     0.0    0.0   136
  78   84  1  1 1 0       0.0     0.036       0.0     0     0     0    0 0     0.0     0.0    0.0    0.0    0.0     0.0    0.0   137
  79  211  1  3 1 0     0.099     0.375     0.051     0     0     0    0 0     0.0     0.0    0.0    0.0    0.0     0.0    0.0   138
  80  211  1  3 1 0     0.022     0.107     0.058     0     0     0    0 0     0.0     0.0    0.0    0.0    0.0     0.0    0.0   139
  81  194  1  3 1 0    0.0035     0.033      0.53     0     0     0    0 0     0.0     0.0    0.0    0.0    0.0     0.0    0.0   140
  81  195  1  3 1 0    0.0035     0.033      0.53     0     0     0    0 0     0.0     0.0    0.0    0.0    0.0     0.0    0.0   141
  85   86  1  1 1 0     0.008     0.064     0.128     0     0     0    0 0     0.0     0.0    0.0    0.0    0.0     0.0    0.0   142
  86   87  1  1 1 0     0.012     0.093     0.183     0     0     0    0 0     0.0     0.0    0.0    0.0    0.0     0.0    0.0   143
  86  323  1  1 1 0     0.006     0.048     0.092     0     0     0    0 0     0.0     0.0    0.0    0.0    0.0     0.0    0.0   144
  89   91  1  1 1 0     0.047     0.119     0.014     0     0     0    0 0     0.0     0.0    0.0    0.0    0.0     0.0    0.0   145
  90   92  1  1 1 0     0.032     0.174     0.024     0     0     0    0 0     0.0     0.0    0.0    0.0    0.0     0.0    0.0   146
  91   94  1  1 1 0       0.1     0.253     0.031     0     0     0    0 0     0.0     0.0    0.0    0.0    0.0     0.0    0.0   147
  91   97  1  1 1 0     0.022     0.077     0.039     0     0     0    0 0     0.0     0.0    0.0    0.0    0.0     0.0    0.0   148
  92  103  1  1 1 0     0.019     0.144     0.017     0     0     0    0 0     0.0     0.0    0.0    0.0    0.0     0.0    0.0   149
  92  105  1  1 1 0     0.017     0.092     0.012     0     0     0    0 0     0.0     0.0    0.0    0.0    0.0     0.0    0.0   150
  94   97  1  1 1 0     0.278     0.427     0.043     0     0     0    0 0     0.0     0.0    0.0    0.0    0.0     0.0    0.0   151
  97  100  1  1 1 0     0.022     0.053     0.007     0     0     0    0 0     0.0     0.0    0.0    0.0    0.0     0.0    0.0   152
  97  102  1  1 1 0     0.038     0.092     0.012     0     0     0    0 0     0.0     0.0    0.0    0.0    0.0     0.0    0.0   153
  97  103  1  1 1 0     0.048     0.122     0.015     0     0     0    0 0     0.0     0.0    0.0    0.0    0.0     0.0    0.0   154
  98  100  1  1 1 0     0.024     0.064     0.007     0     0     0    0 0     0.0     0.0    0.0    0.0    0.0     0.0    0.0   155
  98  102  1  1 1 0     0.034     0.121     0.015     0     0     0    0 0     0.0     0.0    0.0    0.0    0.0     0.0    0.0   156
  99  107  1  1 1 0     0.053     0.135     0.017     0     0     0    0 0     0.0     0.0    0.0    0.0    0.0     0.0    0.0   157
  99  108  1  1 1 0     0.002     0.004     0.002     0     0     0    0 0     0.0     0.0    0.0    0.0    0.0     0.0    0.0   158
  99  109  1  1 1 0     0.045     0.354     0.044     0     0     0    0 0     0.0     0.0    0.0    0.0    0.0     0.0    0.0   159
  99  110  1  1 1 0      0.05     0.174     0.022     0     0     0    0 0     0.0     0.0    0.0    0.0    0.0     0.0    0.0   160
 100  102  1  1 1 0     0.016     0.038     0.004     0     0     0    0 0     0.0     0.0    0.0    0.0    0.0     0.0    0.0   161
 102  104  1  1 1 0     0.043     0.064     0.027     0     0     0    0 0     0.0     0.0    0.0    0.0    0.0     0.0    0.0   162
 103  105  1  1 1 0     0.019     0.062     0.008     0     0     0    0 0     0.0     0.0    0.0    0.0    0.0     0.0    0.0   163
 104  108  1  1 1 0     0.076      0.13     0.044     0     0     0    0 0     0.0     0.0    0.0    0.0    0.0     0.0    0.0   164
 104  322  1  1 1 0     0.044     0.124     0.015     0     0     0    0 0     0.0     0.0    0.0    0.0    0.0     0.0    0.0   165
 105  107  1  1 1 0     0.012     0.088     0.011     0     0     0    0 0     0.0     0.0    0.0    0.0    0.0     0.0    0.0   166
 105  110  1  1 1 0     0.157       0.4     0.047     0     0     0    0 0     0.0     0.0    0.0    0.0    0.0     0.0    0.0   167
 108  324  1  1 1 0     0.074     0.208     0.026     0     0     0    0 0     0.0     0.0    0.0    0.0    0.0     0.0    0.0   168
 109  110  1  1 1 0      0.07     0.184     0.021     0     0     0    0 0     0.0     0.0    0.0    0.0    0.0     0.0    0.0   169
 109  113  1  1 1 0       0.1     0.274     0.031     0     0     0    0 0     0.0     0.0    0.0    0.0    0.0     0.0    0.0   170
 109  114  1  1 1 0     0.109     0.393     0.036     0     0     0    0 0     0.0     0.0    0.0    0.0    0.0     0.0    0.0   171
 110  112  1  1 1 0     0.142     0.404      0.05     0     0     0    0 0     0.0     0.0    0.0    0.0    0.0     0.0    0.0   172
 112  114  1  1 1 0     0.017     0.042     0.006     0     0     0    0 0     0.0     0.0    0.0    0.0    0.0     0.0    0.0   173
 115  122  1  2 1 0    0.0036    0.0199     0.004     0     0     0    0 0     0.0     0.0    0.0    0.0    0.0     0.0    0.0   174
 116  120  1  2 1 0     0.002    0.1049     0.001     0     0     0    0 0     0.0     0.0    0.0    0.0    0.0     0.0    0.0   175
 117  118  1  2 1 0    0.0001    0.0018     0.017     0     0     0    0 0     0.0     0.0    0.0    0.0    0.0     0.0    0.0   176
 118  119  1  2 1 0       0.0    0.0271       0.0     0     0     0    0 0     0.0     0.0    0.0    0.0    0.0     0.0    0.0   177
 118 1201  1  2 1 0       0.0    0.6163       0.0     0     0     0    0 0     0.0     0.0    0.0    0.0    0.0     0.0    0.0   178
1201  120  1  2 1 0       0.0   -0.3697       0.0     0     0     0    0 0     0.0     0.0    0.0    0.0    0.0     0.0    0.0   179
 118  121  1  2 1 0    0.0022    0.2915       0.0     0     0     0    0 0     0.0     0.0    0.0    0.0    0.0     0.0    0.0   180
 119  120  1  2 1 0       0.0    0.0339       0.0     0     0     0    0 0     0.0     0.0    0.0    0.0    0.0     0.0    0.0   181
 119  121  1  2 1 0       0.0    0.0582       0.0     0     0     0    0 0     0.0     0.0    0.0    0.0    0.0     0.0    0.0   182
 122  123  1  2 1 0    0.0808    0.2344     0.029     0     0     0    0 0     0.0     0.0    0.0    0.0    0.0     0.0    0.0   183
 122  125  1  2 1 0    0.0965    0.3669     0.054     0     0     0    0 0     0.0     0.0    0.0    0.0    0.0     0.0    0.0   184
 123  124  1  2 1 0     0.036    0.1076     0.117     0     0     0    0 0     0.0     0.0    0.0    0.0    0.0     0.0    0.0   185
 123  125  1  2 1 0    0.0476    0.1414     0.149     0     0     0    0 0     0.0     0.0    0.0    0.0    0.0     0.0    0.0   186
 125  126  1  2 1 0    0.0006    0.0197       0.0     0     0     0    0 0     0.0     0.0    0.0    0.0    0.0     0.0    0.0   187
 126  127  1  2 1 0    0.0059    0.0405     0.250     0     0     0    0 0     0.0     0.0    0.0    0.0    0.0     0.0    0.0   188
 126  129  1  2 1 0    0.0115    0.1106     0.185     0     0     0    0 0     0.0     0.0    0.0    0.0    0.0     0.0    0.0   189
 126  132  1  2 1 0    0.0198    0.1688     0.321     0     0     0    0 0     0.0     0.0    0.0    0.0    0.0     0.0    0.0   190
 126  157  1  2 1 0     0.005      0.05      0.33     0     0     0    0 0     0.0     0.0    0.0    0.0    0.0     0.0    0.0   191
 126  158  1  2 1 0    0.0077    0.0538     0.335     0     0     0    0 0     0.0     0.0    0.0    0.0    0.0     0.0    0.0   192
 126  169  1  2 1 0    0.0165    0.1157     0.171     0     0     0    0 0     0.0     0.0    0.0    0.0    0.0     0.0    0.0   193
 127  128  1  2 1 0    0.0059    0.0577     0.095     0     0     0    0 0     0.0     0.0    0.0    0.0    0.0     0.0    0.0   194
 127  134  1  2 1 0    0.0049    0.0336     0.208     0     0     0    0 0     0.0     0.0    0.0    0.0    0.0     0.0    0.0   195
 127  168  1  2 1 0    0.0059    0.0577     0.095     0     0     0    0 0     0.0     0.0    0.0    0.0    0.0     0.0    0.0   196
 128  130  1  2 1 0    0.0078    0.0773     0.126     0     0     0    0 0     0.0     0.0    0.0    0.0    0.0     0.0    0.0   197
 128  133  1  2 1 0    0.0026    0.0193      0.03     0     0     0    0 0     0.0     0.0    0.0    0.0    0.0     0.0    0.0   198
 129  130  1  2 1 0    0.0076    0.0752     0.122     0     0     0    0 0     0.0     0.0    0.0    0.0    0.0     0.0    0.0   199
 129  133  1  2 1 0    0.0021    0.0186      0.03     0     0     0    0 0     0.0     0.0    0.0    0.0    0.0     0.0    0.0   200
 130  132  1  2 1 0    0.0016    0.0164     0.026     0     0     0    0 0     0.0     0.0    0.0    0.0    0.0     0.0    0.0   201
 130  151  1  2 1 0    0.0017    0.0165     0.026     0     0     0    0 0     0.0     0.0    0.0    0.0    0.0     0.0    0.0   202
 130  167  1  2 1 0    0.0079    0.0793     0.127     0     0     0    0 0     0.0     0.0    0.0    0.0    0.0     0.0    0.0   203
 130  168  1  2 1 0    0.0078    0.0784     0.125     0     0     0    0 0     0.0     0.0    0.0    0.0    0.0     0.0    0.0   204
 133  137  1  2 1 0    0.0017    0.0117     0.289     0     0     0    0 0     0.0     0.0    0.0    0.0    0.0     0.0    0.0   205
 133  168  1  2 1 0    0.0026    0.0193      0.03     0     0     0    0 0     0.0     0.0    0.0    0.0    0.0     0.0    0.0   206
 133  169  1  2 1 0    0.0021    0.0186      0.03     0     0     0    0 0     0.0     0.0    0.0    0.0    0.0     0.0    0.0   207
 133  171  1  2 1 0    0.0002    0.0101       0.0     0     0     0    0 0     0.0     0.0    0.0    0.0    0.0     0.0    0.0   208
 134  135  1  2 1 0    0.0043    0.0293      0.18     0     0     0    0 0     0.0     0.0    0.0    0.0    0.0     0.0    0.0   209
 134  184  1  2 1 0    0.0039    0.0381     0.258     0     0     0    0 0     0.0     0.0    0.0    0.0    0.0     0.0    0.0   210
 135  136  1  2 1 0    0.0091    0.0623     0.385     0     0     0    0 0     0.0     0.0    0.0    0.0    0.0     0.0    0.0   211
 136  137  1  2 1 0    0.0125     0.089      0.54     0     0     0    0 0     0.0     0.0    0.0    0.0    0.0     0.0    0.0   212
 136  152  1  2 1 0    0.0056     0.039     0.953     0     0     0    0 0     0.0     0.0    0.0    0.0    0.0     0.0    0.0   213
 137  140  1  2 1 0    0.0015    0.0114     0.284     0     0     0    0 0     0.0     0.0    0.0    0.0    0.0     0.0    0.0   214
 137  181  1  2 1 0    0.0005    0.0034     0.021     0     0     0    0 0     0.0     0.0    0.0    0.0    0.0     0.0    0.0   215
 137  186  1  2 1 0    0.0007    0.0151     0.126     0     0     0    0 0     0.0     0.0    0.0    0.0    0.0     0.0    0.0   216
 137  188  1  2 1 0    0.0005    0.0034     0.021     0     0     0    0 0     0.0     0.0    0.0    0.0    0.0     0.0    0.0   217
 139  172  1  2 1 0    0.0562    0.2248     0.081     0     0     0    0 0     0.0     0.0    0.0    0.0    0.0     0.0    0.0   218
 140  141  1  2 1 0     0.012    0.0836     0.123     0     0     0    0 0     0.0     0.0    0.0    0.0    0.0     0.0    0.0   219
 140  142  1  2 1 0    0.0152    0.1132     0.684     0     0     0    0 0     0.0     0.0    0.0    0.0    0.0     0.0    0.0   220
 140  145  1  2 1 0    0.0468    0.3369     0.519     0     0     0    0 0     0.0     0.0    0.0    0.0    0.0     0.0    0.0   221
 140  146  1  2 1 0     0.043    0.3031     0.463     0     0     0    0 0     0.0     0.0    0.0    0.0    0.0     0.0    0.0   222
 140  147  1  2 1 0    0.0489    0.3492     0.538     0     0     0    0 0     0.0     0.0    0.0    0.0    0.0     0.0    0.0   223
 140  182  1  2 1 0    0.0013    0.0089     0.119     0     0     0    0 0     0.0     0.0    0.0    0.0    0.0     0.0    0.0   224
 141  146  1  2 1 0    0.0291    0.2267     0.342     0     0     0    0 0     0.0     0.0    0.0    0.0    0.0     0.0    0.0   225
 142  143  1  2 1 0     0.006     0.057     0.767     0     0     0    0 0     0.0     0.0    0.0    0.0    0.0     0.0    0.0   226
 143  145  1  2 1 0    0.0075    0.0773     0.119     0     0     0    0 0     0.0     0.0    0.0    0.0    0.0     0.0    0.0   227
 143  149  1  2 1 0    0.0127    0.0909     0.135     0     0     0    0 0     0.0     0.0    0.0    0.0    0.0     0.0    0.0   228
 145  146  1  2 1 0    0.0085    0.0588     0.087     0     0     0    0 0     0.0     0.0    0.0    0.0    0.0     0.0    0.0   229
 145  149  1  2 1 0    0.0218    0.1511     0.223     0     0     0    0 0     0.0     0.0    0.0    0.0    0.0     0.0    0.0   230
 146  147  1  2 1 0    0.0073    0.0504     0.074     0     0     0    0 0     0.0     0.0    0.0    0.0    0.0     0.0    0.0   231
 148  178  1  2 1 0    0.0523    0.1526     0.074     0     0     0    0 0     0.0     0.0    0.0    0.0    0.0     0.0    0.0   232
 148  179  1  2 1 0    0.1371    0.3919     0.076     0     0     0    0 0     0.0     0.0    0.0    0.0    0.0     0.0    0.0   233
 152  153  1  2 1 0    0.0137    0.0957     0.141     0     0     0    0 0     0.0     0.0    0.0    0.0    0.0     0.0    0.0   234
 153  161  1  2 1 0    0.0055    0.0288      0.19     0     0     0    0 0     0.0     0.0    0.0    0.0    0.0     0.0    0.0   235
 154  156  1  2 1 0    0.1746    0.3161      0.04     0     0     0    0 0     0.0     0.0    0.0    0.0    0.0     0.0    0.0   236
 154  183  1  2 1 0    0.0804    0.3054     0.045     0     0     0    0 0     0.0     0.0    0.0    0.0    0.0     0.0    0.0   237
 155  161  1  2 1 0     0.011    0.0568     0.388     0     0     0    0 0     0.0     0.0    0.0    0.0    0.0     0.0    0.0   238
 157  159  1  2 1 0    0.0008    0.0098     0.069     0     0     0    0 0     0.0     0.0    0.0    0.0    0.0     0.0    0.0   239
 158  159  1  2 1 0    0.0029    0.0285      0.19     0     0     0    0 0     0.0     0.0    0.0    0.0    0.0     0.0    0.0   240
 158  160  1  2 1 0    0.0066    0.0448     0.277     0     0     0    0 0     0.0     0.0    0.0    0.0    0.0     0.0    0.0   241
 162  164  1  2 1 0    0.0024    0.0326     0.236     0     0     0    0 0     0.0     0.0    0.0    0.0    0.0     0.0    0.0   242
 162  165  1  2 1 0    0.0018    0.0245     1.662     0     0     0    0 0     0.0     0.0    0.0    0.0    0.0     0.0    0.0   243
 163  164  1  2 1 0    0.0044    0.0514     3.597     0     0     0    0 0     0.0     0.0    0.0    0.0    0.0     0.0    0.0   244
 165  166  1  2 1 0    0.0002    0.0123       0.0     0     0     0    0 0     0.0     0.0    0.0    0.0    0.0     0.0    0.0   245
 167  169  1  2 1 0    0.0018    0.0178     0.029     0     0     0    0 0     0.0     0.0    0.0    0.0    0.0     0.0    0.0   246
 172  173  1  2 1 0    0.0669    0.4843     0.063     0     0     0    0 0     0.0     0.0    0.0    0.0    0.0     0.0    0.0   247
 172  174  1  2 1 0    0.0558     0.221     0.031     0     0     0    0 0     0.0     0.0    0.0    0.0    0.0     0.0    0.0   248
 173  174  1  2 1 0    0.0807    0.3331     0.049     0     0     0    0 0     0.0     0.0    0.0    0.0    0.0     0.0    0.0   249
 173  175  1  2 1 0    0.0739    0.3071     0.043     0     0     0    0 0     0.0     0.0    0.0    0.0    0.0     0.0    0.0   250
 173  176  1  2 1 0    0.1799    0.5017     0.069     0     0     0    0 0     0.0     0.0    0.0    0.0    0.0     0.0    0.0   251
 175  176  1  2 1 0    0.0904    0.3626     0.048     0     0     0    0 0     0.0     0.0    0.0    0.0    0.0     0.0    0.0   252
 175  179  1  2 1 0     0.077    0.3092     0.054     0     0     0    0 0     0.0     0.0    0.0    0.0    0.0     0.0    0.0   253
 176  177  1  2 1 0    0.0251    0.0829     0.047     0     0     0    0 0     0.0     0.0    0.0    0.0    0.0     0.0    0.0   254
 177  178  1  2 1 0    0.0222    0.0847      0.05     0     0     0    0 0     0.0     0.0    0.0    0.0    0.0     0.0    0.0   255
 178  179  1  2 1 0    0.0498    0.1855     0.029     0     0     0    0 0     0.0     0.0    0.0    0.0    0.0     0.0    0.0   256
 178  180  1  2 1 0    0.0061     0.029     0.084     0     0     0    0 0     0.0     0.0    0.0    0.0    0.0     0.0    0.0   257
 181  138  1  2 1 0    0.0004    0.0202       0.0     0     0     0    0 0     0.0     0.0    0.0    0.0    0.0     0.0    0.0   258
 181  187  1  2 1 0    0.0004    0.0083     0.115     0     0     0    0 0     0.0     0.0    0.0    0.0    0.0     0.0    0.0   259
 184  185  1  2 1 0    0.0025    0.0245     0.164     0     0     0    0 0     0.0     0.0    0.0    0.0    0.0     0.0    0.0   260
 186  188  1  2 1 0    0.0007    0.0086     0.115     0     0     0    0 0     0.0     0.0    0.0    0.0    0.0     0.0    0.0   261
 187  188  1  2 1 0    0.0007    0.0086     0.115     0     0     0    0 0     0.0     0.0    0.0    0.0    0.0     0.0    0.0   262
 188  138  1  2 1 0    0.0004    0.0202       0.0     0     0     0    0 0     0.0     0.0    0.0    0.0    0.0     0.0    0.0   263
 189  208  1  3 1 0     0.033     0.095       0.0     0     0     0    0 0     0.0     0.0    0.0    0.0    0.0     0.0    0.0   264
 189  209  1  3 1 0     0.046     0.069       0.0     0     0     0    0 0     0.0     0.0    0.0    0.0    0.0     0.0    0.0   265
 190  231  1  3 1 0    0.0004    0.0022       6.2     0     0     0    0 0     0.0     0.0    0.0    0.0    0.0     0.0    0.0   266
 190  240  1  3 1 0       0.0    0.0275       0.0     0     0     0    0 0     0.0     0.0    0.0    0.0    0.0     0.0    0.0   267
 191  192  1  3 1 0     0.003     0.048       0.0     0     0     0    0 0     0.0     0.0    0.0    0.0    0.0     0.0    0.0   268
 192  225  1  3 1 0     0.002     0.009       0.0     0     0     0    0 0     0.0     0.0    0.0    0.0    0.0     0.0    0.0   269
 193  205  1  3 1 0     0.045     0.063       0.0     0     0     0    0 0     0.0     0.0    0.0    0.0    0.0     0.0    0.0   270
 193  208  1  3 1 0     0.048     0.127       0.0     0     0     0    0 0     0.0     0.0    0.0    0.0    0.0     0.0    0.0   271
 194  219  1  3 1 0    0.0031    0.0286       0.5     0     0     0    0 0     0.0     0.0    0.0    0.0    0.0     0.0    0.0   272
 194  664  1  3 1 0    0.0024    0.0355      0.36     0     0     0    0 0     0.0     0.0    0.0    0.0    0.0     0.0    0.0   273
 195  219  1  3 1 0    0.0031    0.0286       0.5     0     0     0    0 0     0.0     0.0    0.0    0.0    0.0     0.0    0.0   274
 196  197  1  3 1 0     0.014      0.04     0.004     0     0     0    0 0     0.0     0.0    0.0    0.0    0.0     0.0    0.0   275
 196  210  1  3 1 0      0.03     0.081      0.01     0     0     0    0 0     0.0     0.0    0.0    0.0    0.0     0.0    0.0   276
 197  198  1  3 1 0      0.01      0.06     0.009     0     0     0    0 0     0.0     0.0    0.0    0.0    0.0     0.0    0.0   277
 197  211  1  3 1 0     0.015      0.04     0.006     0     0     0    0 0     0.0     0.0    0.0    0.0    0.0     0.0    0.0   278
 198  202  1  3 1 0     0.332     0.688       0.0     0     0     0    0 0     0.0     0.0    0.0    0.0    0.0     0.0    0.0   279
 198  203  1  3 1 0     0.009     0.046     0.025     0     0     0    0 0     0.0     0.0    0.0    0.0    0.0     0.0    0.0   280
 198  210  1  3 1 0      0.02     0.073     0.008     0     0     0    0 0     0.0     0.0    0.0    0.0    0.0     0.0    0.0   281
 198  211  1  3 1 0     0.034     0.109     0.032     0     0     0    0 0     0.0     0.0    0.0    0.0    0.0     0.0    0.0   282
 199  200  1  3 1 0     0.076     0.135     0.009     0     0     0    0 0     0.0     0.0    0.0    0.0    0.0     0.0    0.0   283
 199  210  1  3 1 0      0.04     0.102     0.005     0     0     0    0 0     0.0     0.0    0.0    0.0    0.0     0.0    0.0   284
 200  210  1  3 1 0     0.081     0.128     0.014     0     0     0    0 0     0.0     0.0    0.0    0.0    0.0     0.0    0.0   285
 201  204  1  3 1 0     0.124     0.183       0.0     0     0     0    0 0     0.0     0.0    0.0    0.0    0.0     0.0    0.0   286
 203  211  1  3 1 0      0.01     0.059     0.008     0     0     0    0 0     0.0     0.0    0.0    0.0    0.0     0.0    0.0   287
 204  205  1  3 1 0     0.046     0.068       0.0     0     0     0    0 0     0.0     0.0    0.0    0.0    0.0     0.0    0.0   288
 205  206  1  3 1 0     0.302     0.446       0.0     0     0     0    0 0     0.0     0.0    0.0    0.0    0.0     0.0    0.0   289
 206  207  1  1 1 0     0.073     0.093       0.0     0     0     0    0 0     0.0     0.0    0.0    0.0    0.0     0.0    0.0   290
 206  208  1  3 1 0      0.24     0.421       0.0     0     0     0    0 0     0.0     0.0    0.0    0.0    0.0     0.0    0.0   291
 212  215  1  3 1 0    0.0139    0.0778     0.086     0     0     0    0 0     0.0     0.0    0.0    0.0    0.0     0.0    0.0   292
 213  214  1  3 1 1    0.0025     0.038       0.0     0     0     0    0 0  1.0000     0.0    0.0    0.0    0.0     0.0    0.0   293
 214  215  1  3 1 0    0.0017    0.0185      0.02     0     0     0    0 0     0.0     0.0    0.0    0.0    0.0     0.0    0.0   294
 214  242  1  3 1 0    0.0015    0.0108     0.002     0     0     0    0 0     0.0     0.0    0.0    0.0    0.0     0.0    0.0   295
 215  216  1  3 1 0    0.0045    0.0249     0.026     0     0     0    0 0     0.0     0.0    0.0    0.0    0.0     0.0    0.0   296
 216  217  1  3 1 0     0.004    0.0497     0.018     0     0     0    0 0     0.0     0.0    0.0    0.0    0.0     0.0    0.0   297
 217  218  1  3 1 0       0.0    0.0456       0.0     0     0     0    0 0     0.0     0.0    0.0    0.0    0.0     0.0    0.0   298
 217  219  1  3 1 0    0.0005    0.0177      0.02     0     0     0    0 0     0.0     0.0    0.0    0.0    0.0     0.0    0.0   299
 217  220  1  3 1 0    0.0027    0.0395     0.832     0     0     0    0 0     0.0     0.0    0.0    0.0    0.0     0.0    0.0   300
 219  237  1  3 1 0    0.0003    0.0018       5.2     0     0     0    0 0     0.0     0.0    0.0    0.0    0.0     0.0    0.0   301
 220  218  1  3 1 0    0.0037    0.0484      0.43     0     0     0    0 0     0.0     0.0    0.0    0.0    0.0     0.0    0.0   302
 220  221  1  3 1 0     0.001    0.0295     0.503     0     0     0    0 0     0.0     0.0    0.0    0.0    0.0     0.0    0.0   303
 220  238  1  3 1 0    0.0016    0.0046     0.402     0     0     0    0 0     0.0     0.0    0.0    0.0    0.0     0.0    0.0   304
 221  223  1  3 1 0    0.0003    0.0013       1.0     0     0     0    0 0     0.0     0.0    0.0    0.0    0.0     0.0    0.0   305
 222  237  1  3 1 1    0.0014    0.0514      0.33     0     0     0    0 0  1.0000     0.0    0.0    0.0    0.0     0.0    0.0   306
 224  225  1  3 1 0      0.01     0.064      0.48     0     0     0    0 0     0.0     0.0    0.0    0.0    0.0     0.0    0.0   307
 224  226  1  3 1 0    0.0019    0.0081      0.86     0     0     0    0 0     0.0     0.0    0.0    0.0    0.0     0.0    0.0   308
 225  191  1  3 1 0     0.001     0.061       0.0     0     0     0    0 0     0.0     0.0    0.0    0.0    0.0     0.0    0.0   309
 226  231  1  3 1 0    0.0005    0.0212       0.0     0     0     0    0 0     0.0     0.0    0.0    0.0    0.0     0.0    0.0   310
 227  231  1  3 1 1    0.0009    0.0472     0.186     0     0     0    0 0  1.0000     0.0    0.0    0.0    0.0     0.0    0.0   311
 228  229  1  3 1 0    0.0019    0.0087      1.28     0     0     0    0 0     0.0     0.0    0.0    0.0    0.0     0.0    0.0   312
 228  231  1  3 1 0    0.0026    0.0917       0.0     0     0     0    0 0     0.0     0.0    0.0    0.0    0.0     0.0    0.0   313
 228  234  1  3 1 0    0.0013    0.0288      0.81     0     0     0    0 0     0.0     0.0    0.0    0.0    0.0     0.0    0.0   314
 229  190  1  3 1 0       0.0    0.0626       0.0     0     0     0    0 0     0.0     0.0    0.0    0.0    0.0     0.0    0.0   315
 231  232  1  3 1 0    0.0002    0.0069     1.364     0     0     0    0 0     0.0     0.0    0.0    0.0    0.0     0.0    0.0   316
 231  237  1  3 1 0    0.0001    0.0006      3.57     0     0     0    0 0     0.0     0.0    0.0    0.0    0.0     0.0    0.0   317
 232  233  1  3 1 0    0.0017    0.0485       0.0     0     0     0    0 0     0.0     0.0    0.0    0.0    0.0     0.0    0.0   318
 234  235  1  3 1 0    0.0002    0.0259     0.144     0     0     0    0 0     0.0     0.0    0.0    0.0    0.0     0.0    0.0   319
 234  237  1  3 1 0    0.0006    0.0272       0.0     0     0     0    0 0     0.0     0.0    0.0    0.0    0.0     0.0    0.0   320
 235  238  1  3 1 0    0.0002    0.0006       0.8     0     0     0    0 0     0.0     0.0    0.0    0.0    0.0     0.0    0.0   321
 241  237  1  3 1 1    0.0005    0.0154       0.0     0     0     0    0 0  1.0000     0.0    0.0    0.0    0.0     0.0    0.0   322
 240  281  1  3 1 0    0.0003    0.0043     0.009     0     0     0    0 0     0.0     0.0    0.0    0.0    0.0     0.0    0.0   323
 242  245  1  3 1 0    0.0082    0.0851       0.0     0     0     0    0 0     0.0     0.0    0.0    0.0    0.0     0.0    0.0   324
 242  247  1  3 1 0    0.0112    0.0723       0.0     0     0     0    0 0     0.0     0.0    0.0    0.0    0.0     0.0    0.0   325
 243  244  1  3 1 0    0.0127    0.0355       0.0     0     0     0    0 0     0.0     0.0    0.0    0.0    0.0     0.0    0.0   326
 243  245  1  3 1 0    0.0326    0.1804       0.0     0     0     0    0 0     0.0     0.0    0.0    0.0    0.0     0.0    0.0   327
 244  246  1  3 1 0    0.0195    0.0551       0.0     0     0     0    0 0     0.0     0.0    0.0    0.0    0.0     0.0    0.0   328
 245  246  1  3 1 0    0.0157    0.0732       0.0     0     0     0    0 0     0.0     0.0    0.0    0.0    0.0     0.0    0.0   329
 245  247  1  3 1 0     0.036    0.2119       0.0     0     0     0    0 0     0.0     0.0    0.0    0.0    0.0     0.0    0.0   330
 246  247  1  3 1 0    0.0268    0.1285       0.0     0     0     0    0 0     0.0     0.0    0.0    0.0    0.0     0.0    0.0   331
 247  248  1  3 1 0    0.0428    0.1215       0.0     0     0     0    0 0     0.0     0.0    0.0    0.0    0.0     0.0    0.0   332
 248  249  1  3 1 0    0.0351    0.1004       0.0     0     0     0    0 0     0.0     0.0    0.0    0.0    0.0     0.0    0.0   333
 249  250  1  3 1 0    0.0616    0.1857       0.0     0     0     0    0 0     0.0     0.0    0.0    0.0    0.0     0.0    0.0   334
   3    1  1  1 1 2       0.0     0.052       0.0     0     0     0    1 0  0.9470     0.0 0.9000 1.1000  0.002  0.9000 1.1000   335
   3    2  1  1 1 2       0.0     0.052       0.0     0     0     0    2 0  0.9560     0.0 0.9000 1.1000  0.002  0.9000 1.1000   336
   3    4  1  1 1 2       0.0     0.005       0.0     0     0     0    4 0  0.9710     0.0 0.9000 1.1000  0.002  0.9000 1.1000   337
   7    5  1  1 1 2       0.0     0.039       0.0     0     0     0    5 0  0.9480     0.0 0.9000 1.1000  0.002  0.9000 1.1000   338
   7    6  1  1 1 2       0.0     0.039       0.0     0     0     0    6 0  0.9590     0.0 0.9000 1.1000  0.002  0.9000 1.1000   339
  10   11  1  1 1 2       0.0     0.089       0.0     0     0     0   11 0  1.0460     0.0 0.9000 1.1000  0.002  0.9000 1.1000   340
  12   10  1  1 1 2       0.0     0.053       0.0     0     0     0   10 0  0.9850     0.0 0.9000 1.1000  0.002  0.9000 1.1000   341
  15   17  1  1 1 2    0.0194    0.0311       0.0     0     0     0   17 0  0.9561     0.0 0.9000 1.1000  0.002  0.9000 1.1000   342
  16   15  1  1 1 2     0.001     0.038       0.0     0     0     0   15 0  0.9710     0.0 0.9000 1.1000  0.002  0.9000 1.1000   343
  21   20  1  1 1 2       0.0     0.014       0.0     0     0     0   20 0  0.9520     0.0 0.9000 1.1000  0.002  0.9000 1.1000   344
  24   23  1  1 1 2       0.0     0.064       0.0     0     0     0   23 0  0.9430     0.0 0.9000 1.1000  0.002  0.9000 1.1000   345
  36   35  1  1 1 2       0.0     0.047       0.0     0     0     0   35 0  1.0100     0.0 0.9000 1.1000  0.002  0.9000 1.1000   346
  45   44  1  1 1 2       0.0      0.02       0.0     0     0     0   44 0  1.0080     0.0 0.9000 1.1000  0.002  0.9000 1.1000   347
  45   46  1  1 1 2       0.0     0.021       0.0     0     0     0   46 0  1.0000     0.0 0.9000 1.1000  0.002  0.9000 1.1000   348
  62   61  1  1 1 2       0.0     0.059       0.0     0     0     0   61 0  0.9750     0.0 0.9000 1.1000  0.002  0.9000 1.1000   349
  63   64  1  1 1 2       0.0     0.038       0.0     0     0     0   64 0  1.0170     0.0 0.9000 1.1000  0.002  0.9000 1.1000   350
  73   74  1  1 1 2       0.0    0.0244       0.0     0     0     0   74 0  1.0000     0.0 0.9000 1.1000  0.002  0.9000 1.1000   351
  81   88  1  1 1 2       0.0      0.02       0.0     0     0     0   88 0  1.0000     0.0 0.9000 1.1000  0.002  0.9000 1.1000   352
  85   99  1  1 1 2       0.0     0.048       0.0     0     0     0   99 0  1.0000     0.0 0.9000 1.1000  0.002  0.9000 1.1000   353
  86  102  1  1 1 2       0.0     0.048       0.0     0     0     0  102 0  1.0000     0.0 0.9000 1.1000  0.002  0.9000 1.1000   354
  87   94  1  1 1 2       0.0     0.046       0.0     0     0     0   94 0  1.0150     0.0 0.9000 1.1000  0.002  0.9000 1.1000   355
 114  207  1  1 1 2       0.0     0.149       0.0     0     0     0  207 0  0.9670     0.0 0.9000 1.1000  0.002  0.9000 1.1000   356
 116  124  1  2 1 2    0.0052    0.0174       0.0     0     0     0  124 0  1.0100     0.0 0.9000 1.1000  0.002  0.9000 1.1000   357
 121  115  1  2 1 2       0.0     0.028       0.0     0     0     0  115 0  1.0500     0.0 0.9000 1.1000  0.002  0.9000 1.1000   358
 122  157  1  2 1 2    0.0005    0.0195       0.0     0     0     0  157 0  1.0000     0.0 0.9000 1.1000  0.002  0.9000 1.1000   359
 130  131  1  2 1 2       0.0     0.018       0.0     0     0     0  131 0  1.0522     0.0 0.9000 1.1000  0.002  0.9000 1.1000   360
 130  150  1  2 1 2       0.0     0.014       0.0     0     0     0  150 0  1.0522     0.0 0.9000 1.1000  0.002  0.9000 1.1000   361
 132  170  1  2 1 1     0.001    0.0402       0.0     0     0     0  170 0  1.0500     0.0 0.9000 1.1000  0.002  0.9000 1.1000   362
 141  174  1  2 1 2    0.0024    0.0603       0.0     0     0     0  174 0  0.9750     0.0 0.9000 1.1000  0.002  0.9000 1.1000   363
 142  175  1  2 1 2    0.0024    0.0498    -0.087     0     0     0  175 0  1.0000     0.0 0.9000 1.1000  0.002  0.9000 1.1000   364
 143  144  1  2 1 2       0.0    0.0833       0.0     0     0     0  144 0  1.0350     0.0 0.9000 1.1000  0.002  0.9000 1.1000   365
 143  148  1  2 1 2    0.0013    0.0371       0.0     0     0     0  148 0  0.9565     0.0 0.9000 1.1000  0.002  0.9000 1.1000   366
 145  180  1  2 1 2    0.0005    0.0182       0.0     0     0     0  180 0  1.0000     0.0 0.9000 1.1000  0.002  0.9000 1.1000   367
 151  170  1  2 1 2     0.001    0.0392       0.0     0     0     0  170 0  1.0500     0.0 0.9000 1.1000  0.002  0.9000 1.1000   368
 153  183  1  2 1 2    0.0027    0.0639       0.0     0     0     0  183 0  1.0730     0.0 0.9000 1.1000  0.002  0.9000 1.1000   369
 155  156  1  2 1 2    0.0008    0.0256       0.0     0     0     0  156 0  1.0500     0.0 0.9000 1.1000  0.002  0.9000 1.1000   370
 159  117  1  2 1 2       0.0     0.016       0.0     0     0     0  117 0  1.0506     0.0 0.9000 1.1000  0.002  0.9000 1.1000   371
 160  124  1  2 1 2    0.0012    0.0396       0.0     0     0     0  124 0  0.9750     0.0 0.9000 1.1000  0.002  0.9000 1.1000   372
 163  137  1  2 1 2    0.0013    0.0384    -0.057     0     0     0  137 0  0.9800     0.0 0.9000 1.1000  0.002  0.9000 1.1000   373
 164  155  1  2 1 2    0.0009    0.0231    -0.033     0     0     0  155 0  0.9560     0.0 0.9000 1.1000  0.002  0.9000 1.1000   374
 182  139  1  2 1 2    0.0003    0.0131       0.0     0     0     0  139 0  1.0500     0.0 0.9000 1.1000  0.002  0.9000 1.1000   375
 189  210  1  3 1 2       0.0     0.252       0.0     0     0     0  210 0  1.0300     0.0 0.9000 1.1000  0.002  0.9000 1.1000   376
 193  196  1  3 1 2       0.0     0.237       0.0     0     0     0  196 0  1.0300     0.0 0.9000 1.1000  0.002  0.9000 1.1000   377
 195  212  1  3 1 2    0.0008    0.0366       0.0     0     0     0  212 0  0.9850     0.0 0.9000 1.1000  0.002  0.9000 1.1000   378
 200  248  1  3 1 2       0.0      0.22       0.0     0     0     0  248 0  1.0000     0.0 0.9000 1.1000  0.002  0.9000 1.1000   379
 201   69  1  1 2 2       0.0     0.098       0.0     0     0     0   69 0  1.0300     0.0 0.9000 1.1000  0.002  0.9000 1.1000   380
 202  211  1  3 1 2       0.0     0.128       0.0     0     0     0  211 0  1.0100     0.0 0.9000 1.1000  0.002  0.9000 1.1000   381
 204 2040  1  3 1 2      0.02     0.204    -0.012     0     0     0  196 0  1.0500     0.0 0.9000 1.1000  0.002  0.9000 1.1000   382
 209  198  1  3 1 2     0.026     0.211       0.0     0     0     0  198 0  1.0300     0.0 0.9000 1.1000  0.002  0.9000 1.1000   383
 211  212  1  3 1 2     0.003    0.0122       0.0     0     0     0  212 0  1.0000     0.0 0.9000 1.1000  0.002  0.9000 1.1000   384
 218  219  1  3 1 2     0.001    0.0354     -0.01     0     0     0  219 0  0.9700     0.0 0.9000 1.1000  0.002  0.9000 1.1000   385
 223  224  1  3 1 2    0.0012    0.0195    -0.364     0     0     0  224 0  1.0000     0.0 0.9000 1.1000  0.002  0.9000 1.1000   386
 229  230  1  3 1 2     0.001    0.0332       0.0     0     0     0  230 0  1.0200     0.0 0.9000 1.1000  0.002  0.9000 1.1000   387
 234  236  1  3 1 2    0.0005     0.016       0.0     0     0     0  236 0  1.0700     0.0 0.9000 1.1000  0.002  0.9000 1.1000   388
 238  239  1  3 1 2    0.0005     0.016       0.0     0     0     0  239 0  1.0200     0.0 0.9000 1.1000  0.002  0.9000 1.1000   389
 196 2040  1  3 1 4    0.0001      0.02       0.0     0     0     0    0 0  1.0000  -11.40 -15.00   0.00   0.30    80.0   85.0   390
 119 1190  1  2 1 2     0.001     0.023       0.0     0     0     0 1190 0  1.0223     0.0 0.8435 1.1565 .00313  1.0107 1.0145   391
 120 1200  1  2 1 2       0.0     0.023       0.0     0     0     0 1200 0  0.9284     0.0 0.8435 1.1565 .00313  1.0225 1.0263   392
7002    2  1  1 1 1     0.001    0.0146       0.0     0     0     0    0 0  1.0000     0.0    0.0    0.0    0.0     0.0    0.0   393
7003    3  1  1 1 1       0.0   0.01054       0.0     0     0     0    0 0  1.0000     0.0    0.0    0.0    0.0     0.0    0.0   394
7061   61  1  1 1 1       0.0    0.0238       0.0     0     0     0    0 0  1.0000     0.0    0.0    0.0    0.0     0.0    0.0   395
7062   62  1  1 1 1       0.0   0.03214       0.0     0     0     0    0 0  0.9500     0.0    0.0    0.0    0.0     0.0    0.0   396
7166  166  1  2 1 1       0.0    0.0154       0.0     0     0     0    0 0  1.0000     0.0    0.0    0.0    0.0     0.0    0.0   397
7024   24  1  1 1 1       0.0    0.0289       0.0     0     0     0    0 0  1.0000     0.0    0.0    0.0    0.0     0.0    0.0   398
7001    1  1  1 1 1       0.0   0.01953       0.0     0     0     0    0 0  1.0000     0.0    0.0    0.0    0.0     0.0    0.0   399
7130  130  1  2 1 1       0.0    0.0193       0.0     0     0     0    0 0  1.0000     0.0    0.0    0.0    0.0     0.0    0.0   400
7011   11  1  1 1 1       0.0   0.01923       0.0     0     0     0    0 0  1.0000     0.0    0.0    0.0    0.0     0.0    0.0   401
7023   23  1  1 1 1       0.0     0.023       0.0     0     0     0    0 0  1.0000     0.0    0.0    0.0    0.0     0.0    0.0   402
7049   49  1  1 1 1       0.0    0.0124       0.0     0     0     0    0 0  1.0000     0.0    0.0    0.0    0.0     0.0    0.0   403
7139  139  1  2 1 1       0.0    0.0167       0.0     0     0     0    0 0  1.0000     0.0    0.0    0.0    0.0     0.0    0.0   404
7012   12  1  1 1 1       0.0    0.0312       0.0     0     0     0    0 0  1.0000     0.0    0.0    0.0    0.0     0.0    0.0   405
7017   17  1  1 1 1       0.0   0.01654       0.0     0     0     0    0 0  0.9420     0.0    0.0    0.0    0.0     0.0    0.0   406
7039   39  1  1 1 1       0.0   0.03159       0.0     0     0     0    0 0  0.9650     0.0    0.0    0.0    0.0     0.0    0.0   407
7057   57  1  1 1 1       0.0   0.05347       0.0     0     0     0    0 0  0.9500     0.0    0.0    0.0    0.0     0.0    0.0   408
7044   44  1  1 1 1       0.0   0.18181       0.0     0     0     0    0 0  0.9420     0.0    0.0    0.0    0.0     0.0    0.0   409
7055   55  1  1 1 1       0.0   0.19607       0.0     0     0     0    0 0  0.9420     0.0    0.0    0.0    0.0     0.0    0.0   410
7071   71  1  1 1 1       0.0   0.06896       0.0     0     0     0    0 0  0.9565     0.0    0.0    0.0    0.0     0.0    0.0   411
-999
LOSS ZONES FOLLOWS                    4 ITEMS
  1 IEEE 300-BUS - SYSTEM 1
  2 IEEE 300-BUS - SYSTEM 2
  3 IEEE 300-BUS - SYSTEM 3
  9 IEEE 300-BUS - SYSTEM 9
-99
INTERCHANGE DATA FOLLOWS              0 ITEMS
-9
TIE LINES FOLLOWS                     0 ITEMS
-999
END OF DATA