IEEE 57-bus optimal adjustments:

Costs: 5612.0532

Losses: 47.1946

Emissions: 2.2582

Active generation:
   2           1.0000000
   3           0.8755972
   6           1.0000000
   8           0.5768937
   9           1.0000000
  12           2.7686549

Voltage magnitudes:
   1           1.0500000
   2           1.0454598
   3           1.0324059
   6           1.0169989
   8           1.0084127
   9           0.9963225
  12           1.0252124

Shunt susceptances:
  18           0.1500000
  25           0.0885000
  53           0.0945000

Tap ratios:
   4    18     0.9852118
   4    18     0.9852118
  21    20     1.0086729
  24    25     0.9514881
  24    25     0.9514881
  24    26     0.9758249
   7    29     0.9461898
  34    32     0.9257885
  11    41     0.9000000
  15    45     0.9623883
  14    46     0.9439753
  10    51     0.9609098
  13    49     0.9182948
  11    43     0.9363906
  40    56     0.9883401
  39    57     0.9564729
   9    55     0.9440913