South-Southeastern Brazilian 787-bus optimal adjustments:

Losses: 1514.2192

Voltage magnitudes:
1114            1.089467    0.039467
   5            1.055963    0.056963
  19            1.081749    0.062749
  29            1.089921    0.101921
  38            1.070274    0.095274
  46            1.036732    0.017732
  67            1.095311    0.046311
  82            1.100000    0.121000
  94            1.093761    0.054761
  99            1.027667    0.008667
 116            1.077576    0.058576
 121            1.100000    0.081000
 145            1.100000    0.100000
 152            1.028012    0.103012
 167            1.100000    0.051000
 175            1.100000    0.061000
 176            1.100000    0.061000
 183            1.099854    0.060854
 185            1.100000    0.051000
 189            1.096395    0.077395
 199            1.098727    0.101727
 238            1.100000    0.061000
 245            1.100000    0.108000
 266            1.100000    0.081000
 298            1.100000    0.071000
 340            1.081528    0.067528
 349            1.079830    0.063830
 399            1.072827    0.095827
 539            1.027903    0.028903
 560            1.066618    0.047618
 569            1.045034   -0.004966
 573            1.019302    0.010302
 578            1.049460    0.030460
 673            1.079284    0.060284
 674            1.089523    0.043523
 702            1.099399    0.083399
 704            1.100000    0.071000
 705            1.100000    0.071000
 706            1.100000    0.071000
 707            1.100000    0.071000
 710            1.086480    0.037480
 711            1.100000    0.086000
 712            1.090551    0.051551
 714            1.068592    0.029592
 718            1.055890    0.036890
 720            1.090472    0.056472
 722            1.100000    0.061000
 768            1.100000    0.061000
 835            1.030174    0.160174
 983            1.054577    0.025577
 984            1.037942    0.008942
 986            1.052759    0.050759
1103            1.068869    0.018869
1106            1.100000    0.115000
1107            1.100000    0.100000
1109            1.067543    0.067543
1112            1.085616    0.035616
1113            1.100000    0.070000
1115            1.100000    0.112000
1117            1.091196    0.082196
1120            1.009622   -0.040378
1122            1.080658    0.040658
1124            1.100000    0.061000
1125            1.011637   -0.027363
1126            1.044462   -0.004538
1130            1.068956    0.067956
1131            1.100000    0.163000
1132            1.090386    0.089386
1134            1.098593    0.045593
1137            1.067768    0.066768
1181            1.053449    0.012449
1239            0.993958   -0.052042
1240            0.900000   -0.121000
1241            1.100000    0.056000
1242            1.052188    0.001188
1243            1.062305    0.018305
1245            1.100000    0.081000
1246            1.094663    0.065663
1247            1.018311   -0.015689
1248            1.100000    0.081000
1249            1.082947    0.055947
1250            1.100000    0.056000
1251            1.061027    0.012027
1253            1.100000    0.056000
1254            1.047458    0.018458
1255            1.047411   -0.001589
1256            1.060951    0.011951
1257            1.099566    0.055566
1258            1.081689    0.032689
1259            1.097138    0.076138
1260            1.091649    0.060649
1261            1.100000    0.056000
1262            1.091213    0.070213
1263            1.100000    0.056000
1389            1.036040    0.045040
1391            1.100000    0.094000
1393            1.021874    0.040874
1420            1.100000    0.023000
1421            1.054733    0.048733
1422            1.047708    0.006708
1424            1.014303   -0.017697
1425            1.100000    0.093000
1428            0.900000   -0.121000
1429            1.100000    0.051000
1430            1.100000    0.041000
1431            1.100000    0.047000
1434            1.100000    0.099000
1435            1.100000    0.056000
1436            1.022422    0.003422
1437            1.091838    0.061838
1438            0.902155   -0.108845
1441            1.086940    0.085940

Shunt susceptances:
 346            0.036000    0.012000
 353            0.144000    0.048000
 359            0.036000    0.012000
 361            0.054000    0.018000
 363            0.072000    0.024000
 366            0.045000    0.015000
 367            0.018000    0.006000
 371            0.000000   -0.048000
 375            0.063000    0.021000
 388            0.090000    0.030000
 396            0.108000    0.036000
 452            0.016939   -0.031061
 454            0.026580   -0.045420
 456            0.025834   -0.010166
 457            0.000000   -0.120000
 460            0.000000   -0.072000
 462            0.000000   -0.048000
 463            0.004332   -0.043668
 469            0.054407   -0.041593
 476            0.000000   -0.024000
 482            0.000000   -0.024000
 485            0.084177    0.012177
 487            0.144000    0.048000
 488            0.246682    0.002682
 489            0.108000    0.036000
 493            0.334146    0.046146
 494            0.140643   -0.003357
 495            0.185357    0.041357
 497            0.000000   -0.360000
 499            0.127755   -0.016245
 501            0.108000    0.036000
 502            0.106748    0.010748
 505            0.108000    0.036000
 506            0.186423    0.042423
 512            0.089759    0.017759
 513            0.141685    0.021685
 517            0.143064    0.023064
 518            0.056379    0.008379
 521            0.199739    0.055739
 530            0.054000    0.018000
 531            0.035196   -0.060804
 535            0.000000   -0.144000
 538            0.036000    0.012000
 540            0.000000   -0.072000
 544            0.052287    0.004287
 545            0.044450   -0.003550
 547            0.000000   -0.120000
 553            0.063864   -0.008136
 555            0.000000   -0.024000
 557            0.071733   -0.024267
 561            0.005049   -0.042951
 562            0.036000    0.012000
 563            0.261876    0.021876
 565            0.044242   -0.027758
 570            0.041803   -0.030197
 572            0.136588    0.001588
 582            0.075096   -0.020904
 584            0.000000   -0.072000
 586            0.005230   -0.030770
 588            0.021790   -0.050210
 592            0.472484   -0.007516
 597            0.018864   -0.029136
 599            0.013905   -0.022095
 600            0.000000   -0.096000
 602            0.000000   -0.168000
 604            0.000000   -0.096000
 605            0.000000   -0.120000
 606            0.000000   -0.072000
 607            0.000000   -0.072000
 608            0.021209   -0.074791
 612            0.000000   -0.036000
 615            0.000000   -0.048000
 618            0.090450   -0.005550
 619            0.072393   -0.023607
 620            0.090628   -0.101372
 621            0.000000   -0.144000
 625            0.019487   -0.004513
 628            0.030245    0.006245
 631            0.022888   -0.013112
 632            0.050073    0.014073
 634            0.132688    0.036688
 635            0.074505    0.002505
 638            0.180000    0.060000
 639            0.050085    0.002085
 641            0.108000    0.036000
 646            0.235348    0.043348
 647            0.066363   -0.005637
 649            0.066471   -0.005529
 650            0.010583   -0.001417
 656            0.012034    0.000034
 658            0.036000    0.012000
 661            0.061373   -0.010627
 664            0.000000   -0.036000
 666            0.003228   -0.020772
 669            0.034414   -0.013586
 670            0.016115   -0.039885
 671            0.000000   -0.096000
 678            0.108000    0.036000
 679            0.032440    0.008440
 685            0.515800    0.015800
 686            0.124486    0.004486
 690            0.053807    0.005807
 692            0.151094    0.031094
 694            0.031352   -0.016648
 696            0.096996    0.000996
 722           -1.500000    0.000000
 732           -0.214783    1.285217
 736           -1.000000    0.000000
 742           -1.343872    0.156128
 752           -3.000000    0.000000
 760           -2.000000    0.000000
 762           -1.500000    0.000000
 854            0.031500    0.010500
 863            0.081000    0.027000
 895            0.067500    0.022500
 905            0.162000    0.054000
 910            0.157500    0.052500
 911            0.026941   -0.003059
 923            0.000000   -0.018000
 927            0.016219   -0.001781
 945            0.000000   -0.120000
 946            0.120122    0.000122
 947            0.182341   -0.033659
 948            0.133147    0.013147
 949            0.166355    0.046355
 957            0.000000   -0.018000
 958            0.000000   -0.030000
 965            0.118150    0.028150
 974            0.000000   -0.054000
 976           -0.167091    0.132909
 993           -0.200000    0.000000
 995           -0.220000    0.000000
1101            0.000000   -1.200000
1102            0.000000   -0.300000
1110            0.504406   -0.695594
1131           27.440000    0.000000
1136            0.000000  -18.000000
1138            0.000000   -0.900000
1141          -13.200000    0.000000
1142           -1.500000    0.000000
1143           -1.500000    0.000000
1144           -1.500000    0.000000
1145           -3.300000    0.000000
1146           -3.300000    0.000000
1147           -3.300000    0.000000
1149           -6.600000    0.000000
1160            1.687201   -0.912799
1163           -2.182531    0.757469
1167            0.283667   -0.016333
1170           -0.081675    0.518325
1174           -2.720000    0.000000
1180           -0.331624    0.398376
1181           -1.200000    0.000000
1184           -9.900000    0.000000
1191            0.101485   -0.248515
1195            0.000000    0.960000
1196           -0.910000    0.000000
1198            0.000000   -2.000000
1199            2.420827    0.420827
1207           -0.385054    0.514946
1214           -1.360000    0.000000
1218           -0.294750    0.005250
1220            0.027000    0.009000
1225            0.242133   -0.007867
1230            0.000000    9.900000
1232            0.000000    1.200000
1233           -1.360000    0.000000
1244            0.472883   -1.027117
1270           -3.644020    1.755980
1271           -5.539108    1.660892
1280            0.000000    1.800000
1353           -1.400000    0.000000
1354           -1.400000    0.000000
1358           -1.200000    0.000000
1366           -3.000000    0.000000
1373           -0.600000    0.000000
1374           -0.600000    0.000000
1418            0.241899   -0.028101
1427            0.148207   -0.211793
1430           -0.910000    0.000000
1439            0.100235   -0.499765
1440            0.100235   -0.499765
1449           -1.820000    0.000000
1453           -1.820000    0.000000
1457            0.000000    0.910000
1460           -1.820000    0.000000
1477           -1.800000    0.000000
1490            0.000000    0.050000

Tap ratios:
   3     6      0.908610   -0.191390
   7     8      0.993304   -0.045696
  18    22      1.005280    0.002280
  18    28      1.000716   -0.002284
  19    28      0.956000    0.000000
  19    28      0.956000    0.000000
  22    28      1.056608    0.100608
  22    28      0.947265   -0.008735
  45    44      1.050000    0.001000
  54    53      1.028896   -0.009104
 780    57      0.954121   -0.005879
 780    57      0.954121   -0.005879
  62    63      0.900000    0.000000
  80    83      1.042461    0.022461
  80    83      1.042461    0.022461
  80   751      1.018426   -0.011574
  80   753      1.018426   -0.011574
  80   757      1.018426   -0.011574
  98    99      1.100000    0.026000
 111   112      1.036070    0.005070
 114   117      1.026312   -0.003688
 119   120      0.950789    0.050789
 119   122      1.062248    0.042248
 143   146      0.966141    0.006141
 143   162      0.966129    0.006129
 165   164      1.003000    0.149000
 165   166      1.100000    0.000000
 180   179      1.016936   -0.008064
 186   184      1.100000    0.150000
 198   200      1.023815   -0.004185
 236   239      0.986760    0.086760
 243   246      0.977054   -0.072946
 243   248      0.977299    0.027299
 262   261      0.986691    0.010691
 269   778      1.040717   -0.009283
 275   274      1.038069    0.069069
 795   279      0.952106    0.049106
 281   282      0.971229    0.021229
 306   305      0.962756   -0.013244
 308   307      0.989612    0.019612
 325   834      1.004000    0.000000
 325   834      1.004000    0.000000
 337   336      0.972999    0.022999
 355   353      0.950000    0.000000
 364   363      0.950000    0.000000
 372   805      0.976251   -0.073749
 372   805      1.075829    0.025829
 787   412      0.964329    0.004329
 787   412      0.964329    0.004329
 787   412      0.964329    0.004329
 824   441      0.963693    0.003693
 824   441      0.963693    0.003693
 824   441      0.963694    0.003694
 824   441      0.963694    0.003694
 458   457      0.974761   -0.033239
 749   464      0.996389   -0.027611
 749   466      1.005621   -0.030379
 472   473      0.912196   -0.080804
 514   487      0.985745   -0.004255
 489   491      0.999811    0.021811
 492   493      1.000875    0.028875
 496   497      0.946816   -0.003184
 500   501      0.998363    0.010363
 739   504      0.984256   -0.041744
 524   523      0.989001   -0.015999
 538   539      1.046210    0.023210
 542   543      0.989342   -0.004658
 776   542      0.972296   -0.036704
 559   558      0.963317   -0.013683
 564   563      0.992767    0.018767
 568   569      1.006293    0.016293
 572   571      0.996925   -0.032075
 572   573      1.071106    0.028106
 575   574      0.997603   -0.035397
 577   578      1.043747    0.000747
 582   579      1.000000    0.040000
 585   584      0.970936   -0.036064
 595   594      1.000000    0.025000
 603   602      0.975476   -0.035524
 622   621      0.962650   -0.018350
 634   633      0.995980    0.038980
 637   638      0.990647    0.014647
 641   640      1.007430    0.050430
 646   645      1.005446    0.013446
 659   660      0.990292   -0.007708
 671   672      1.003316    0.045316
 693   692      0.997627   -0.007373
 803   704      1.088526    0.078526
 803   704      1.079532    0.069532
 723   736      1.013116   -0.026884
 739   732      1.008828   -0.033172
 734   733      1.018081   -0.008919
 735   734      1.019400   -0.031600
 743   742      0.998341   -0.011659
 749   748      0.997842    0.007842
 754   752      1.017387   -0.002613
 755   754      1.002785    0.037785
 763   762      1.013940    0.019940
 795   794      1.035271   -0.014729
 798   797      1.026958    0.046958
 798   797      1.026958    0.046958
 803   800      0.978175   -0.050825
 809   808      1.030170   -0.018830
 814   812      1.027261    0.019261
 820   821      1.017425   -0.002575
 830   827      0.918936   -0.131064
 830   827      1.022048   -0.027952
 830   827      1.070692    0.020692
 830   827      1.069115    0.019115
 833   834      1.047000    0.000000
 835   834      0.923978   -0.032022
 851   852      0.979562    0.012562
 856   863      0.954996   -0.002004
 980   894      0.965382    0.000382
 895   897      0.984783    0.009783
 979   905      0.973717   -0.005283
 978   906      1.100000    0.123000
 978   908      1.100000    0.123000
 982   918      1.100000    0.153000
 920   921      1.100000    0.125000
 925   926      0.941442   -0.003558
 987   945      1.098175    0.111175
 988   946      0.994948   -0.000052
 989   947      1.029130    0.023130
 990   948      1.100000    0.110000
 991   949      0.949362   -0.018638
 992   950      1.100000    0.132000
 994   957      1.100000    0.123000
 996   967      1.100000    0.097000
 999   974      1.100000    0.106000
 977   976      0.989335   -0.008665
 992   993      1.004703    0.000703
 994   995      0.968169    0.018169
1168  1106      1.100000   -0.025000
1196  1120      1.081530    0.031530
1205  1125      1.059814    0.009814
1211  1126      1.060458    0.045458
1223  1131      0.995386   -0.054614
1225  1132      0.913257   -0.046743
1136  1226      1.100000    0.176000
1136  1227      1.017580    0.093580
1160  1157      1.007627    0.032627
1161  1157      1.031397   -0.018603
1160  1158      1.008545    0.033545
1161  1158      1.033360   -0.016640
1165  1171      1.017400    0.007400
1165  1172      1.018537    0.008537
1168  1166      0.969887    0.009887
1168  1167      1.004221    0.024221
1170  1169      0.983734    0.003734
1176  1175      1.069471    0.089471
1176  1177      0.900000   -0.080000
1179  1178      0.976817    0.026817
1180  1178      0.960887   -0.089113
1188  1187      0.998097   -0.011903
1196  1193      1.006841   -0.017159
1199  1198      0.971806   -0.078194
1203  1202      1.090840    0.060840
1204  1202      1.100000    0.050000
1206  1205      0.976250    0.026250
1208  1207      0.992740    0.094740
1212  1211      0.989602    0.004602
1213  1215      1.014883    0.064883
1214  1215      1.029865   -0.020135
1229  1228      1.036972   -0.013028
1475  1239      1.098716    0.088716
1241  1269      1.015276   -0.012724
1309  1241      1.007071   -0.009929
1242  1312      0.955617   -0.054383
1478  1247      1.041759    0.046759
1352  1249      1.011893    0.103893
1486  1254      1.029303    0.039303
1484  1255      1.048984    0.038984
1363  1260      1.002622    0.094622
1483  1263      0.992757   -0.012243
1272  1295      1.001825    0.031825
1275  1274      1.004737   -0.015263
1396  1279      0.990000    0.000000
1284  1409      1.100000    0.080000
1285  1286      1.001530   -0.018470
1285  1410      1.100000    0.080000
1285  1411      0.987573   -0.022427
1476  1294      1.100000    0.130000
1296  1295      0.973377   -0.016623
1302  1483      0.952425   -0.027575
1349  1377      1.001104    0.088104
1350  1380      0.998297    0.043297
1350  1381      1.003941    0.090941
1355  1395      0.993815    0.080815
1394  1389      1.057494    0.007494
1390  1391      1.100000    0.050000
1390  1394      0.900000   -0.056000
1392  1393      1.077092    0.027092
1402  1401      0.989823   -0.025177
1449  1421      1.065792    0.015792
1425  1452      1.023841    0.048841
1436  1460      0.932556   -0.017444
1452  1453      1.017964    0.067964
1456  1457      1.003072    0.053072
1463  1462      1.014521   -0.035479
1478  1491      0.976948    0.016948
1482  1489      0.995265    0.015265