IEEE 300-bus optimal adjustments:

Losses: 342.3122

Voltage magnitudes:
7049            1.048952   -0.001748
   8            1.084807    0.069507
  10            1.100000    0.079500
  20            1.077817    0.076817
  63            1.100000    0.141700
  76            1.059603    0.096403
  84            1.100000    0.075000
  91            1.100000    0.048000
  92            1.100000    0.048000
  98            1.079286    0.079286
 108            1.060763    0.070763
 119            1.100000    0.056500
 124            1.100000    0.076700
 125            1.095410    0.085110
 138            1.100000    0.045000
 141            1.100000    0.049000
 143            1.100000    0.056500
 146            1.096643    0.043843
 147            1.100000    0.047200
 149            1.100000    0.026500
 152            1.100000    0.046500
 153            1.069697    0.026197
 156            1.100000    0.137000
 170            1.100000    0.171000
 171            1.048926    0.066026
 176            1.100000    0.047800
 177            1.081118    0.073418
 185            1.086002    0.033802
 186            1.100000    0.035000
 187            1.100000    0.035000
 190            1.094173    0.039073
 191            1.100000    0.056500
 198            1.100000    0.085000
 213            1.100000    0.090000
 220            1.082196    0.074196
 221            1.086050    0.086050
 222            1.029442   -0.020558
 227            1.062328    0.062328
 230            1.100000    0.060000
 233            1.073897    0.073897
 236            1.100000    0.083500
 238            1.085351    0.075351
 239            1.100000    0.100000
 241            1.026728   -0.023272
 242            1.100000    0.107000
 243            1.099368    0.089368
7001            1.099979    0.049279
7002            0.995770   -0.054930
7003            1.100000    0.067700
7011            1.100000    0.085500
7012            1.098543    0.047843
7017            1.069394    0.018694
7023            1.011515   -0.039185
7024            1.100000    0.071000
7039            1.035759   -0.014241
7044            1.083230    0.068730
7055            1.059594    0.062894
7057            1.056634    0.035434
7061            1.100000    0.085500
7062            1.074446    0.072746
7071            1.062688    0.073388
7130            1.100000    0.049300
7139            1.035839   -0.014861
7166            1.050097    0.035597
9002            1.093048    0.098548
9051            1.100000    0.100000
9053            1.100000    0.100000
9054            1.100000    0.100000
9055            1.100000    0.100000

Shunt susceptances:
 117            2.956924   -0.293076
 120            0.074444   -0.475556
 154            0.066553   -0.278447
 164           -1.227607    0.892393
 166           -1.030000    0.000000
 173            0.539544    0.009544
 179            0.544185    0.094185
 190           -1.500000    0.000000
 231           -3.000000    0.000000
 238            0.000000    1.500000
 240           -0.647427    0.752573
 248            0.406567   -0.049433
9003            0.036000    0.012000
9034            0.025363    0.008163

Tap ratios:
  37  9001      0.982565   -0.025635
9001  9006      0.978423    0.011623
9001  9012      0.976364   -0.003236
9005  9051      1.015032   -0.028468
9005  9052      0.939100    0.000000
9005  9053      1.018536   -0.024964
9005  9054      1.047852    0.004352
9005  9055      1.039732   -0.003768
9021  9022      0.970539   -0.029461
9002  9024      0.974990   -0.025010
9023  9025      1.100000    0.100000
9023  9026      1.100000    0.100000
9007  9071      0.992116   -0.007884
9007  9072      1.087690    0.087690
9003  9031      0.951607   -0.048393
9003  9032      0.959757   -0.040243
9003  9033      0.949749   -0.050251
9004  9041      1.073587    0.073587
9004  9042      0.963491   -0.036509
9004  9043      0.974148   -0.025852
9003  9034      1.016353    0.016353
9003  9035      0.964109   -0.035891
9003  9036      0.970885   -0.029115
9003  9037      0.968803   -0.031197
9003  9038      0.956478   -0.043522
9053  9533      1.100000    0.141700
 213   214      0.978795   -0.021205
 222   237      0.968951   -0.031049
 227   231      1.000000   -0.000000
 241   237      0.955988   -0.044012
   3     1      1.056237    0.109237
   3     2      0.974162    0.018162
   3     4      1.002155    0.031155
   7     5      0.955010    0.007010
   7     6      0.999179    0.040179
  10    11      1.000204   -0.045796
  12    10      0.990542    0.005542
  15    17      0.944402   -0.011698
  16    15      0.979043    0.008043
  21    20      0.980170    0.028170
  24    23      1.052683    0.109683
  36    35      0.981952   -0.028048
  45    44      0.999234   -0.008766
  45    46      0.995920   -0.004080
  62    61      0.961909   -0.013091
  63    64      1.055442    0.038442
  73    74      1.014948    0.014948
  81    88      0.965140   -0.034860
  85    99      1.039300    0.039300
  86   102      1.035416    0.035416
  87    94      1.012535   -0.002465
 114   207      0.983086    0.016086
 116   124      0.900000   -0.110000
 121   115      0.929060   -0.120940
 122   157      1.008348    0.008348
 130   131      1.000167   -0.052033
 130   150      1.000620   -0.051580
 132   170      0.972814   -0.077186
 141   174      0.999912    0.024912
 142   175      0.952349   -0.047651
 143   144      1.008489   -0.026511
 143   148      0.987526    0.031026
 145   180      0.931680   -0.068320
 151   170      0.964335   -0.085665
 153   183      0.967826   -0.105174
 155   156      0.948737   -0.101263
 159   117      1.100000    0.049400
 160   124      0.990370    0.015370
 163   137      0.956993   -0.023007
 164   155      1.025079    0.069079
 182   139      1.000443   -0.049557
 189   210      1.037819    0.007819
 193   196      1.023769   -0.006231
 195   212      0.986814    0.001814
 200   248      1.057594    0.057594
 201    69      1.047425    0.017425
 202   211      1.016318    0.006318
 204  2040      1.073236    0.023236
 209   198      1.039163    0.009163
 211   212      1.003220    0.003220
 218   219      1.022051    0.052051
 223   224      1.003636    0.003636
 229   230      0.976851   -0.043149
 234   236      0.979012   -0.090988
 238   239      0.993711   -0.026289
 119  1190      0.993493   -0.028807
 120  1200      0.963968    0.035568
7002     2      0.900000   -0.100000
7003     3      0.993326   -0.006674
7061    61      0.974834   -0.025166
7062    62      0.950000   -0.000000
7166   166      0.955028   -0.044972
7024    24      1.036331    0.036331
7001     1      0.970647   -0.029353
7130   130      0.939726   -0.060274
7011    11      0.987622   -0.012378
7023    23      0.900000   -0.100000
7049    49      0.952466   -0.047534
7139   139      0.914870   -0.085130
7012    12      0.951020   -0.048980
7017    17      0.942000   -0.000000
7039    39      0.944754   -0.020246
7057    57      0.950000    0.000000
7044    44      0.942000    0.000000
7055    55      0.942000   -0.000000
7071    71      0.956500    0.000000