IEEE 57-bus optimal adjustments:

Losses: 22.3364

Voltage magnitudes:
   1           1.1000000   0.0600000
   2           1.0913150   0.0813150
   3           1.0853861   0.1003861
   6           1.0804362   0.1004362
   8           1.1000000   0.0950000
   9           1.0695091   0.0895091
  12           1.0757977   0.0607977

Shunt susceptances:
  18           0.0906167  -0.0093833
  25           0.0885000   0.0295000
  53           0.0945000   0.0315000

Tap ratios:
   4    18     0.9803272   0.0103272
   4    18     0.9803270   0.0023270
  21    20     1.0051042  -0.0378958
  24    25     0.9756724  -0.0243276
  24    25     0.9756724  -0.0243276
  24    26     1.0031955  -0.0398045
   7    29     0.9804527   0.0134527
  34    32     0.9461049  -0.0288951
  11    41     0.9022055  -0.0527945
  15    45     0.9721462   0.0171462
  14    46     0.9572035   0.0572035
  10    51     0.9669305   0.0369305
  13    49     0.9321779   0.0371779
  11    43     0.9595997   0.0015997
  40    56     0.9885646   0.0305646
  39    57     0.9603991  -0.0196009
   9    55     0.9714267   0.0314267
