IEEE 30-bus optimal adjustments:

Losses: 15.9958

Voltage magnitudes:
   1           1.1000000   0.0400000
   2           1.0846764   0.0416764
   5           1.0528963   0.0428963
   8           1.0589645   0.0489645
  11           1.1000000   0.0180000
  13           1.1000000   0.0290000

Shunt susceptances:
  10           0.2850000   0.0950000
  24           0.0645000   0.0215000

Tap ratios:
   6     9     1.0971340   0.1191340
   6    10     0.9145190  -0.0544810
   4    12     0.9872236   0.0552236
  28    27     0.9586669  -0.0093331
