IEEE 118-bus optimal adjustments:

Losses: 106.0113

Voltage magnitudes:
  69            1.100000    0.065000
   4            1.099042    0.101042
   6            1.091783    0.101783
   8            1.081550    0.066550
  10            1.092525    0.042525
  12            1.088923    0.098923
  15            1.087364    0.117364
  18            1.089408    0.116408
  19            1.086195    0.123195
  24            1.091684    0.099684
  25            1.100000    0.050000
  26            1.100000    0.085000
  27            1.085059    0.117059
  31            1.081048    0.114048
  32            1.083745    0.119745
  34            1.097084    0.111084
  36            1.095311    0.115311
  40            1.076206    0.106206
  42            1.077546    0.092546
  46            1.086543    0.081543
  49            1.099348    0.074348
  54            1.079395    0.124395
  55            1.078453    0.126453
  56            1.078557    0.124557
  59            1.100000    0.115000
  61            1.100000    0.105000
  62            1.096000    0.098000
  65            1.100000    0.095000
  66            1.100000    0.050000
   1            1.069417    0.114417
  70            1.078230    0.094230
  72            1.082156    0.102156
  73            1.077792    0.086792
  74            1.062308    0.104308
  76            1.048124    0.105124
  77            1.087881    0.081881
  80            1.100000    0.060000
  85            1.095220    0.110220
  87            1.100000    0.085000
  89            1.100000    0.095000
  90            1.083761    0.098761
  91            1.088213    0.108213
  92            1.090467    0.097467
  99            1.095306    0.085306
 100            1.100000    0.083000
 103            1.091443    0.090443
 104            1.081917    0.110917
 105            1.079238    0.114238
 107            1.066659    0.114659
 110            1.075439    0.102439
 111            1.083044    0.103044
 112            1.060383    0.085383
 113            1.096245    0.103245
 116            1.098907    0.093907

Shunt susceptances:
   5            0.000000    0.400000
  34            0.141121    0.001121
  37           -0.227721    0.022279
  44            0.046829   -0.053171
  45            0.150000    0.050000
  46            0.100000    0.000000
  48            0.068772   -0.081228
  74            0.180000    0.060000
  79            0.300000    0.100000
  82            0.297730    0.097730
  83            0.142124    0.042124
 105            0.193511   -0.006489
 107            0.060000    0.000000
 110            0.085290    0.025290

Tap ratios:
   8     5      0.980914   -0.004086
  26    25      1.056569    0.096569
  30    17      0.983140    0.023140
  38    37      0.974880    0.039880
  63    59      0.980360    0.020360
  64    61      0.996574    0.011574
  65    66      0.989554    0.054554
  68    69      0.951496    0.016496
  81    80      0.988148    0.053148